Depth (m)	count	age (b1950)	MCE
113.113	1.0	1206.0	24.5
113.21	1.0	1207.0	25.0
113.292	1.0	1208.0	25.0
113.367	1.0	1209.0	25.0
113.428	1.0	1210.0	25.0
113.546	1.0	1211.0	25.5
113.652	1.0	1212.0	25.5
113.732	1.0	1213.0	25.5
113.849	1.0	1214.0	25.5
113.912	1.0	1215.0	25.5
113.981	1.0	1216.0	25.5
114.059	1.0	1217.0	25.5
114.14	1.0	1218.0	25.5
114.217	1.0	1219.0	25.5
114.253	1.0	1220.0	25.5
114.317	1.0	1221.0	25.5
114.414	1.0	1222.0	25.5
114.47	1.0	1223.0	25.5
114.562	1.0	1224.0	25.5
114.623	1.0	1225.0	25.5
114.78	1.0	1226.0	26.0
114.87	1.0	1227.0	26.0
114.971	1.0	1228.0	26.0
115.046	1.0	1229.0	26.0
115.124	1.0	1230.0	26.0
115.202	1.0	1231.0	26.0
115.258	1.0	1232.0	26.0
115.34	1.0	1233.0	26.5
115.434	1.0	1234.0	27.0
115.511	1.0	1235.0	27.0
115.574	1.0	1236.0	27.0
115.655	1.0	1237.0	27.0
115.702	1.0	1238.0	27.0
115.784	1.0	1239.0	27.0
115.841	1.0	1240.0	27.0
115.91	1.0	1241.0	27.0
115.961	1.0	1242.0	27.0
116.104	1.0	1243.0	27.0
116.168	1.0	1244.0	27.0
116.245	1.0	1245.0	27.0
116.304	1.0	1246.0	27.0
116.343	1.0	1247.0	27.0
116.433	1.0	1248.0	27.0
116.473	1.0	1249.0	27.0
116.541	1.0	1250.0	27.0
116.592	1.0	1251.0	27.0
116.678	1.0	1252.0	27.0
116.728	1.0	1253.0	27.0
116.798	1.0	1254.0	27.0
116.861	1.0	1255.0	27.0
116.923	1.0	1256.0	27.0
116.994	1.0	1257.0	27.0
117.056	1.0	1258.0	27.0
117.124	1.0	1259.0	27.0
117.214	1.0	1260.0	27.0
117.281	1.0	1261.0	27.0
117.351	1.0	1262.0	27.0
117.42	1.0	1263.0	27.0
117.5	1.0	1264.0	27.0
117.57	1.0	1265.0	27.0
117.657	1.0	1266.0	27.0
117.705	1.0	1267.0	27.0
117.76	1.0	1268.0	27.0
117.818	1.0	1269.0	27.0
117.913	1.0	1270.0	27.0
117.998	1.0	1271.0	27.0
118.08	1.0	1272.0	27.0
118.156	1.0	1273.0	27.0
118.216	1.0	1274.0	27.0
118.27	1.0	1275.0	27.0
118.349	1.0	1276.0	27.0
118.402	1.0	1277.0	27.0
118.478	1.0	1278.0	27.0
118.561	1.0	1279.0	27.0
118.605	1.0	1280.0	27.0
118.717	1.0	1281.0	27.0
118.784	1.0	1282.0	27.0
118.845	1.0	1283.0	27.0
118.9	1.0	1284.0	27.0
118.965	1.0	1285.0	27.0
119.027	1.0	1286.0	27.0
119.082	1.0	1287.0	27.0
119.149	1.0	1288.0	27.0
119.199	1.0	1289.0	27.0
119.273	1.0	1290.0	27.0
119.349	1.0	1291.0	27.0
119.406	1.0	1292.0	27.0
119.477	1.0	1293.0	27.0
119.59	1.0	1294.0	27.0
119.715	1.0	1295.0	27.0
119.792	1.0	1296.0	27.0
119.873	1.0	1297.0	27.0
119.922	1.0	1298.0	27.0
120.012	1.0	1299.0	27.0
120.103	1.0	1300.0	27.0
120.155	1.0	1301.0	27.0
120.204	1.0	1302.0	27.0
120.257	1.0	1303.0	27.0
120.314	1.0	1304.0	27.0
120.355	1.0	1305.0	27.0
120.408	1.0	1306.0	27.5
120.488	1.0	1307.0	27.5
120.546	1.0	1308.0	27.5
120.61	1.0	1309.0	27.5
120.689	1.0	1310.0	27.5
120.743	1.0	1311.0	27.5
120.836	1.0	1312.0	27.5
120.876	1.0	1313.0	27.5
120.909	1.0	1314.0	27.5
120.972	1.0	1315.0	27.5
121.068	1.0	1316.0	27.5
121.128	1.0	1317.0	27.5
121.229	1.0	1318.0	27.5
121.261	1.0	1319.0	27.5
121.313	1.0	1320.0	27.5
121.371	1.0	1321.0	27.5
121.502	1.0	1322.0	27.5
121.598	1.0	1323.0	27.5
121.672	1.0	1324.0	27.5
121.738	1.0	1325.0	27.5
121.789	1.0	1326.0	27.5
121.851	1.0	1327.0	27.5
121.919	1.0	1328.0	27.5
121.958	1.0	1329.0	27.5
122.013	1.0	1330.0	27.5
122.104	1.0	1331.0	27.5
122.184	1.0	1332.0	27.5
122.225	1.0	1333.0	27.5
122.31	1.0	1334.0	27.5
122.392	1.0	1335.0	27.5
122.449	1.0	1336.0	27.5
122.539	1.0	1337.0	27.5
122.594	1.0	1338.0	28.0
122.659	1.0	1339.0	28.0
122.716	1.0	1340.0	28.0
122.782	1.0	1341.0	28.0
122.867	1.0	1342.0	28.0
122.977	1.0	1343.0	28.5
123.069	1.0	1344.0	28.5
123.17	1.0	1345.0	28.5
123.215	1.0	1346.0	28.5
123.282	1.0	1347.0	28.5
123.372	1.0	1348.0	28.5
123.463	1.0	1349.0	28.5
123.569	1.0	1350.0	28.5
123.628	1.0	1351.0	28.5
123.703	1.0	1352.0	28.5
123.775	1.0	1353.0	28.5
123.837	1.0	1354.0	29.0
123.883	1.0	1355.0	29.0
123.957	1.0	1356.0	29.0
124.003	1.0	1357.0	29.0
124.064	1.0	1358.0	29.0
124.114	1.0	1359.0	29.0
124.244	1.0	1360.0	29.0
124.311	1.0	1361.0	29.0
124.425	1.0	1362.0	29.0
124.463	1.0	1363.0	29.0
124.534	1.0	1364.0	29.0
124.614	1.0	1365.0	29.0
124.697	1.0	1366.0	29.5
124.73	1.0	1367.0	29.5
124.818	1.0	1368.0	29.5
124.895	1.0	1369.0	29.5
124.96	1.0	1370.0	29.5
125.027	1.0	1371.0	29.5
125.057	1.0	1372.0	29.5
125.106	1.0	1373.0	29.5
125.182	1.0	1374.0	29.5
125.269	1.0	1375.0	29.5
125.335	1.0	1376.0	29.5
125.396	1.0	1377.0	29.5
125.474	1.0	1378.0	29.5
125.513	1.0	1379.0	29.5
125.614	1.0	1380.0	29.5
125.68	1.0	1381.0	29.5
125.742	1.0	1382.0	29.5
125.811	1.0	1383.0	29.5
125.89	1.0	1384.0	29.5
125.94	1.0	1385.0	29.5
126.009	1.0	1386.0	29.5
126.107	1.0	1387.0	29.5
126.177	1.0	1388.0	29.5
126.219	1.0	1389.0	29.5
126.304	1.0	1390.0	30.0
126.408	1.0	1391.0	30.0
126.459	1.0	1392.0	30.0
126.592	1.0	1393.0	30.5
126.638	1.0	1394.0	30.5
126.709	1.0	1395.0	30.5
126.797	1.0	1396.0	30.5
126.843	1.0	1397.0	30.5
126.918	1.0	1398.0	30.5
127.004	1.0	1399.0	30.5
127.102	1.0	1400.0	30.5
127.164	1.0	1401.0	30.5
127.214	1.0	1402.0	30.5
127.257	1.0	1403.0	30.5
127.305	1.0	1404.0	30.5
127.386	1.0	1405.0	30.5
127.438	1.0	1406.0	30.5
127.493	1.0	1407.0	30.5
127.553	1.0	1408.0	30.5
127.674	1.0	1409.0	31.0
127.737	1.0	1410.0	31.0
127.782	1.0	1411.0	31.5
127.868	1.0	1412.0	31.5
127.92	1.0	1413.0	31.5
127.991	1.0	1414.0	31.5
128.063	1.0	1415.0	31.5
128.129	1.0	1416.0	31.5
128.174	1.0	1417.0	31.5
128.238	1.0	1418.0	31.5
128.299	1.0	1419.0	31.5
128.379	1.0	1420.0	31.5
128.427	1.0	1421.0	31.5
128.464	1.0	1422.0	31.5
128.572	1.0	1423.0	31.5
128.684	1.0	1424.0	31.5
128.758	1.0	1425.0	31.5
128.842	1.0	1426.0	31.5
128.906	1.0	1427.0	31.5
128.958	1.0	1428.0	31.5
129.028	1.0	1429.0	32.0
129.057	1.0	1430.0	32.0
129.111	1.0	1431.0	32.0
129.192	1.0	1432.0	32.0
129.238	1.0	1433.0	32.0
129.31	1.0	1434.0	32.0
129.395	1.0	1435.0	32.0
129.489	1.0	1436.0	32.0
129.546	1.0	1437.0	32.0
129.597	1.0	1438.0	32.0
129.681	1.0	1439.0	32.0
129.725	1.0	1440.0	32.0
129.822	1.0	1441.0	32.0
129.865	1.0	1442.0	32.0
129.921	1.0	1443.0	32.0
130.004	1.0	1444.0	32.0
130.072	1.0	1445.0	32.0
130.151	1.0	1446.0	32.0
130.206	1.0	1447.0	32.0
130.284	1.0	1448.0	32.0
130.329	1.0	1449.0	32.0
130.414	1.0	1450.0	32.0
130.457	1.0	1451.0	32.0
130.49	1.0	1452.0	32.0
130.535	1.0	1453.0	32.0
130.601	1.0	1454.0	32.5
130.678	1.0	1455.0	32.5
130.743	1.0	1456.0	32.5
130.822	1.0	1457.0	32.5
130.889	1.0	1458.0	32.5
130.94	1.0	1459.0	32.5
130.984	1.0	1460.0	32.5
131.055	1.0	1461.0	32.5
131.153	1.0	1462.0	32.5
131.236	1.0	1463.0	32.5
131.273	1.0	1464.0	32.5
131.34	1.0	1465.0	32.5
131.477	1.0	1466.0	32.5
131.544	1.0	1467.0	32.5
131.589	1.0	1468.0	33.0
131.649	1.0	1469.0	33.0
131.754	1.0	1470.0	33.0
131.807	1.0	1471.0	33.0
131.864	1.0	1472.0	33.0
131.907	1.0	1473.0	33.0
131.943	1.0	1474.0	33.0
132.042	1.0	1475.0	33.0
132.1	1.0	1476.0	33.0
132.206	1.0	1477.0	33.0
132.269	1.0	1478.0	33.0
132.342	1.0	1479.0	33.0
132.415	1.0	1480.0	33.0
132.475	1.0	1481.0	33.0
132.547	1.0	1482.0	33.0
132.618	1.0	1483.0	33.0
132.704	1.0	1484.0	33.0
132.793	1.0	1485.0	33.0
132.859	1.0	1486.0	33.0
132.952	1.0	1487.0	33.0
133.011	1.0	1488.0	33.0
133.08	1.0	1489.0	33.0
133.163	1.0	1490.0	33.0
133.209	1.0	1491.0	33.0
133.272	1.0	1492.0	33.0
133.364	1.0	1493.0	33.0
133.439	1.0	1494.0	33.0
133.514	1.0	1495.0	33.0
133.56	1.0	1496.0	33.0
133.608	1.0	1497.0	33.0
133.662	1.0	1498.0	33.0
133.725	1.0	1499.0	33.0
133.783	1.0	1500.0	33.0
133.846	1.0	1501.0	33.0
133.91	1.0	1502.0	33.0
134.044	1.0	1503.0	33.0
134.1	1.0	1504.0	33.0
134.218	1.0	1505.0	33.0
134.275	1.0	1506.0	33.0
134.355	1.0	1507.0	33.0
134.427	1.0	1508.0	33.0
134.492	1.0	1509.0	33.0
134.553	1.0	1510.0	33.0
134.637	1.0	1511.0	33.0
134.707	1.0	1512.0	33.0
134.754	1.0	1513.0	33.0
134.827	1.0	1514.0	33.0
134.868	1.0	1515.0	33.5
134.954	1.0	1516.0	33.5
135.027	1.0	1517.0	33.5
135.097	1.0	1518.0	33.5
135.161	1.0	1519.0	33.5
135.244	1.0	1520.0	33.5
135.287	1.0	1521.0	33.5
135.376	1.0	1522.0	33.5
135.459	1.0	1523.0	33.5
135.532	1.0	1524.0	33.5
135.589	1.0	1525.0	33.5
135.659	1.0	1526.0	33.5
135.739	1.0	1527.0	33.5
135.804	1.0	1528.0	33.5
135.874	1.0	1529.0	33.5
135.928	1.0	1530.0	33.5
135.975	1.0	1531.0	34.0
136.041	1.0	1532.0	34.0
136.094	1.0	1533.0	34.0
136.186	1.0	1534.0	34.0
136.286	1.0	1535.0	34.0
136.346	1.0	1536.0	34.0
136.42	1.0	1537.0	34.0
136.471	1.0	1538.0	34.0
136.522	1.0	1539.0	34.0
136.578	1.0	1540.0	34.0
136.636	1.0	1541.0	34.0
136.721	1.0	1542.0	34.0
136.766	1.0	1543.0	34.0
136.838	1.0	1544.0	34.0
136.942	1.0	1545.0	34.0
136.988	1.0	1546.0	34.5
137.051	1.0	1547.0	34.5
137.102	1.0	1548.0	34.5
137.152	1.0	1549.0	34.5
137.212	1.0	1550.0	34.5
137.27	1.0	1551.0	34.5
137.321	1.0	1552.0	34.5
137.389	1.0	1553.0	34.5
137.477	1.0	1554.0	35.0
137.536	1.0	1555.0	35.0
137.604	1.0	1556.0	35.0
137.66	1.0	1557.0	35.0
137.719	1.0	1558.0	35.0
137.765	1.0	1559.0	35.0
137.846	1.0	1560.0	35.0
137.91	1.0	1561.0	35.0
138.025	1.0	1562.0	35.0
138.09	1.0	1563.0	35.0
138.161	1.0	1564.0	35.0
138.233	1.0	1565.0	35.0
138.293	1.0	1566.0	35.0
138.363	1.0	1567.0	35.0
138.449	1.0	1568.0	35.0
138.504	1.0	1569.0	35.0
138.619	1.0	1570.0	35.0
138.787	1.0	1571.0	35.0
138.874	1.0	1572.0	35.0
138.92	1.0	1573.0	35.0
139.01	1.0	1574.0	35.0
139.081	1.0	1575.0	35.0
139.166	1.0	1576.0	35.0
139.209	1.0	1577.0	35.5
139.274	1.0	1578.0	35.5
139.36	1.0	1579.0	35.5
139.432	1.0	1580.0	35.5
139.509	1.0	1581.0	35.5
139.575	1.0	1582.0	36.0
139.614	1.0	1583.0	36.0
139.657	1.0	1584.0	36.0
139.708	1.0	1585.0	36.0
139.791	1.0	1586.0	36.0
139.845	1.0	1587.0	36.0
139.923	1.0	1588.0	36.0
139.978	1.0	1589.0	36.0
140.062	1.0	1590.0	36.0
140.124	1.0	1591.0	36.0
140.207	1.0	1592.0	36.0
140.267	1.0	1593.0	36.0
140.336	1.0	1594.0	36.0
140.391	1.0	1595.0	36.0
140.44	1.0	1596.0	36.0
140.5	1.0	1597.0	36.0
140.579	1.0	1598.0	36.0
140.631	1.0	1599.0	36.0
140.72	1.0	1600.0	36.0
140.798	1.0	1601.0	36.5
140.851	1.0	1602.0	36.5
140.891	1.0	1603.0	36.5
140.955	1.0	1604.0	36.5
141.011	1.0	1605.0	36.5
141.081	1.0	1606.0	36.5
141.143	1.0	1607.0	36.5
141.187	1.0	1608.0	37.0
141.275	1.0	1609.0	37.0
141.355	1.0	1610.0	37.0
141.405	1.0	1611.0	37.0
141.449	1.0	1612.0	37.0
141.5	1.0	1613.0	37.0
141.562	1.0	1614.0	37.0
141.611	1.0	1615.0	37.0
141.671	1.0	1616.0	37.0
141.77	1.0	1617.0	37.0
141.832	1.0	1618.0	37.0
141.914	1.0	1619.0	37.0
142.006	1.0	1620.0	37.0
142.083	1.0	1621.0	37.0
142.144	1.0	1622.0	37.0
142.225	1.0	1623.0	37.0
142.293	1.0	1624.0	37.0
142.383	1.0	1625.0	37.5
142.471	1.0	1626.0	37.5
142.562	1.0	1627.0	37.5
142.605	1.0	1628.0	37.5
142.697	1.0	1629.0	37.5
142.773	1.0	1630.0	38.0
142.833	1.0	1631.0	38.0
142.922	1.0	1632.0	38.0
142.957	1.0	1633.0	38.0
142.988	1.0	1634.0	38.0
143.053	1.0	1635.0	38.0
143.122	1.0	1636.0	38.0
143.197	1.0	1637.0	38.0
143.278	1.0	1638.0	38.0
143.353	1.0	1639.0	38.0
143.398	1.0	1640.0	38.0
143.451	1.0	1641.0	38.0
143.513	1.0	1642.0	38.0
143.614	1.0	1643.0	38.0
143.664	1.0	1644.0	38.0
143.759	1.0	1645.0	38.0
143.822	1.0	1646.0	38.0
143.904	1.0	1647.0	38.0
143.957	1.0	1648.0	38.0
144.034	1.0	1649.0	38.0
144.093	1.0	1650.0	38.0
144.16	1.0	1651.0	38.0
144.263	1.0	1652.0	38.0
144.341	1.0	1653.0	38.0
144.423	1.0	1654.0	38.0
144.488	1.0	1655.0	38.0
144.557	1.0	1656.0	38.0
144.609	1.0	1657.0	38.0
144.693	1.0	1658.0	38.0
144.735	1.0	1659.0	38.0
144.833	1.0	1660.0	38.0
144.903	1.0	1661.0	38.0
145.004	1.0	1662.0	38.0
145.08	1.0	1663.0	38.0
145.125	1.0	1664.0	38.0
145.191	1.0	1665.0	38.0
145.23	1.0	1666.0	38.0
145.29	1.0	1667.0	38.0
145.368	1.0	1668.0	38.0
145.443	1.0	1669.0	38.0
145.569	1.0	1670.0	38.0
145.614	1.0	1671.0	38.0
145.683	1.0	1672.0	38.0
145.737	1.0	1673.0	38.5
145.791	1.0	1674.0	38.5
145.837	1.0	1675.0	38.5
145.907	1.0	1676.0	39.0
145.962	1.0	1677.0	39.0
146.025	1.0	1678.0	39.0
146.075	1.0	1679.0	39.0
146.129	1.0	1680.0	39.0
146.182	1.0	1681.0	39.0
146.279	1.0	1682.0	39.0
146.347	1.0	1683.0	39.0
146.412	1.0	1684.0	39.0
146.513	1.0	1685.0	39.0
146.59	1.0	1686.0	39.0
146.686	1.0	1687.0	39.0
146.745	1.0	1688.0	39.0
146.796	1.0	1689.0	39.0
146.863	1.0	1690.0	39.0
146.937	1.0	1691.0	39.0
147.047	1.0	1692.0	39.0
147.097	1.0	1693.0	39.0
147.142	1.0	1694.0	39.0
147.24	1.0	1695.0	39.0
147.295	1.0	1696.0	39.0
147.35	1.0	1697.0	39.0
147.408	1.0	1698.0	39.0
147.511	1.0	1699.0	39.0
147.566	1.0	1700.0	39.0
147.625	1.0	1701.0	39.0
147.738	1.0	1702.0	39.0
147.829	1.0	1703.0	39.0
147.898	1.0	1704.0	39.0
147.945	1.0	1705.0	39.0
148.005	1.0	1706.0	39.0
148.055	1.0	1707.0	39.0
148.137	1.0	1708.0	39.0
148.209	1.0	1709.0	39.0
148.269	1.0	1710.0	39.0
148.333	1.0	1711.0	39.0
148.407	1.0	1712.0	39.0
148.507	1.0	1713.0	39.0
148.567	1.0	1714.0	39.0
148.623	1.0	1715.0	39.0
148.709	1.0	1716.0	39.0
148.785	1.0	1717.0	39.5
148.843	1.0	1718.0	39.5
148.916	1.0	1719.0	39.5
148.981	1.0	1720.0	39.5
149.117	1.0	1721.0	40.0
149.198	1.0	1722.0	40.0
149.285	1.0	1723.0	40.0
149.39	1.0	1724.0	40.0
149.475	1.0	1725.0	40.0
149.542	1.0	1726.0	40.0
149.615	1.0	1727.0	40.0
149.692	1.0	1728.0	40.0
149.736	1.0	1729.0	40.0
149.793	1.0	1730.0	40.0
149.876	1.0	1731.0	40.0
149.931	1.0	1732.0	40.0
149.957	1.0	1733.0	40.0
150.035	1.0	1734.0	40.0
150.135	1.0	1735.0	40.0
150.182	1.0	1736.0	40.0
150.246	1.0	1737.0	40.0
150.324	1.0	1738.0	40.0
150.39	1.0	1739.0	40.0
150.451	1.0	1740.0	40.0
150.526	1.0	1741.0	40.0
150.593	1.0	1742.0	40.0
150.647	1.0	1743.0	40.0
150.699	1.0	1744.0	40.5
150.774	1.0	1745.0	40.5
150.85	1.0	1746.0	40.5
150.889	1.0	1747.0	41.0
150.932	1.0	1748.0	41.0
151.006	1.0	1749.0	41.0
151.045	1.0	1750.0	41.0
151.102	1.0	1751.0	41.0
151.154	1.0	1752.0	41.0
151.242	1.0	1753.0	41.5
151.271	1.0	1754.0	41.5
151.346	1.0	1755.0	41.5
151.409	1.0	1756.0	41.5
151.517	1.0	1757.0	41.5
151.612	1.0	1758.0	41.5
151.698	1.0	1759.0	41.5
151.78	1.0	1760.0	41.5
151.844	1.0	1761.0	41.5
151.913	1.0	1762.0	41.5
151.988	1.0	1763.0	42.0
152.11	1.0	1764.0	42.0
152.189	1.0	1765.0	42.0
152.282	1.0	1766.0	42.0
152.333	1.0	1767.0	42.0
152.386	1.0	1768.0	42.0
152.451	1.0	1769.0	42.0
152.534	1.0	1770.0	42.0
152.606	1.0	1771.0	42.0
152.667	1.0	1772.0	42.0
152.714	1.0	1773.0	42.0
152.791	1.0	1774.0	42.0
152.863	1.0	1775.0	42.0
152.907	1.0	1776.0	42.0
152.957	1.0	1777.0	42.0
153.013	1.0	1778.0	42.0
153.052	1.0	1779.0	42.0
153.118	1.0	1780.0	42.0
153.166	1.0	1781.0	42.0
153.212	1.0	1782.0	42.0
153.261	1.0	1783.0	42.0
153.293	1.0	1784.0	42.0
153.351	1.0	1785.0	42.0
153.405	1.0	1786.0	42.0
153.455	1.0	1787.0	42.0
153.543	1.0	1788.0	42.0
153.647	1.0	1789.0	42.0
153.744	1.0	1790.0	42.0
153.817	1.0	1791.0	42.0
153.874	1.0	1792.0	42.0
153.945	1.0	1793.0	42.0
153.982	1.0	1794.0	42.0
154.038	1.0	1795.0	42.0
154.132	1.0	1796.0	42.5
154.186	1.0	1797.0	42.5
154.215	1.0	1798.0	42.5
154.262	1.0	1799.0	42.5
154.328	1.0	1800.0	42.5
154.397	1.0	1801.0	42.5
154.496	1.0	1802.0	42.5
154.544	1.0	1803.0	42.5
154.608	1.0	1804.0	42.5
154.69	1.0	1805.0	42.5
154.739	1.0	1806.0	42.5
154.827	1.0	1807.0	43.0
154.862	1.0	1808.0	43.0
154.941	1.0	1809.0	43.0
155.003	1.0	1810.0	43.0
155.03	1.0	1811.0	43.5
155.113	1.0	1812.0	43.5
155.19	1.0	1813.0	43.5
155.259	1.0	1814.0	43.5
155.328	1.0	1815.0	43.5
155.382	1.0	1816.0	43.5
155.443	1.0	1817.0	43.5
155.517	1.0	1818.0	43.5
155.622	1.0	1819.0	43.5
155.666	1.0	1820.0	43.5
155.715	1.0	1821.0	43.5
155.76	1.0	1822.0	43.5
155.828	1.0	1823.0	43.5
155.878	1.0	1824.0	43.5
155.979	1.0	1825.0	43.5
156.095	1.0	1826.0	43.5
156.186	1.0	1827.0	43.5
156.263	1.0	1828.0	43.5
156.318	1.0	1829.0	43.5
156.376	1.0	1830.0	43.5
156.468	1.0	1831.0	44.0
156.531	1.0	1832.0	44.0
156.654	1.0	1833.0	44.0
156.693	1.0	1834.0	44.0
156.793	1.0	1835.0	44.0
156.855	1.0	1836.0	44.0
156.925	1.0	1837.0	44.0
157.005	1.0	1838.0	44.0
157.105	1.0	1839.0	44.5
157.159	1.0	1840.0	44.5
157.235	1.0	1841.0	44.5
157.292	1.0	1842.0	44.5
157.365	1.0	1843.0	44.5
157.402	1.0	1844.0	44.5
157.507	1.0	1845.0	44.5
157.564	1.0	1846.0	44.5
157.672	1.0	1847.0	45.0
157.748	1.0	1848.0	45.0
157.875	1.0	1849.0	45.0
157.946	1.0	1850.0	45.0
158.008	1.0	1851.0	45.0
158.097	1.0	1852.0	45.0
158.223	1.0	1853.0	45.0
158.291	1.0	1854.0	45.0
158.335	1.0	1855.0	45.0
158.448	1.0	1856.0	45.0
158.543	1.0	1857.0	45.0
158.62	1.0	1858.0	45.0
158.716	1.0	1859.0	45.0
158.772	1.0	1860.0	45.0
158.86	1.0	1861.0	45.0
158.945	1.0	1862.0	45.0
158.998	1.0	1863.0	45.0
159.071	1.0	1864.0	45.0
159.186	1.0	1865.0	45.0
159.276	1.0	1866.0	45.0
159.319	1.0	1867.0	45.0
159.403	1.0	1868.0	45.0
159.473	1.0	1869.0	45.0
159.516	1.0	1870.0	45.0
159.559	1.0	1871.0	45.0
159.635	1.0	1872.0	45.0
159.7	1.0	1873.0	45.0
159.75	1.0	1874.0	45.0
159.786	1.0	1875.0	45.0
159.872	1.0	1876.0	45.0
159.947	1.0	1877.0	45.0
160.017	1.0	1878.0	45.0
160.073	1.0	1879.0	45.0
160.136	1.0	1880.0	45.0
160.223	1.0	1881.0	45.0
160.287	1.0	1882.0	45.0
160.349	1.0	1883.0	45.0
160.398	1.0	1884.0	45.0
160.459	1.0	1885.0	45.0
160.509	1.0	1886.0	45.0
160.596	1.0	1887.0	45.0
160.669	1.0	1888.0	45.0
160.724	1.0	1889.0	45.0
160.779	1.0	1890.0	45.0
160.821	1.0	1891.0	45.5
160.857	1.0	1892.0	45.5
160.9	1.0	1893.0	45.5
160.961	1.0	1894.0	45.5
160.997	1.0	1895.0	45.5
161.085	1.0	1896.0	45.5
161.128	1.0	1897.0	46.0
161.156	1.0	1898.0	46.0
161.214	1.0	1899.0	46.0
161.267	1.0	1900.0	46.0
161.331	1.0	1901.0	46.0
161.409	1.0	1902.0	46.0
161.472	1.0	1903.0	46.0
161.54	1.0	1904.0	46.0
161.606	1.0	1905.0	46.0
161.703	1.0	1906.0	46.0
161.797	1.0	1907.0	46.0
161.858	1.0	1908.0	46.0
161.915	1.0	1909.0	46.0
161.963	1.0	1910.0	46.0
162.07	1.0	1911.0	46.0
162.12	1.0	1912.0	46.0
162.159	1.0	1913.0	46.0
162.231	1.0	1914.0	46.0
162.279	1.0	1915.0	46.0
162.353	1.0	1916.0	46.0
162.405	1.0	1917.0	46.0
162.444	1.0	1918.0	46.5
162.557	1.0	1919.0	46.5
162.622	1.0	1920.0	46.5
162.679	1.0	1921.0	46.5
162.741	1.0	1922.0	46.5
162.796	1.0	1923.0	46.5
162.872	1.0	1924.0	46.5
162.94	1.0	1925.0	46.5
163.008	1.0	1926.0	46.5
163.04	1.0	1927.0	46.5
163.082	1.0	1928.0	46.5
163.141	1.0	1929.0	46.5
163.203	1.0	1930.0	46.5
163.242	1.0	1931.0	46.5
163.295	1.0	1932.0	46.5
163.359	1.0	1933.0	46.5
163.417	1.0	1934.0	46.5
163.536	1.0	1935.0	46.5
163.588	1.0	1936.0	46.5
163.629	1.0	1937.0	46.5
163.681	1.0	1938.0	46.5
163.736	1.0	1939.0	46.5
163.822	1.0	1940.0	46.5
163.916	1.0	1941.0	46.5
163.983	1.0	1942.0	46.5
164.028	1.0	1943.0	46.5
164.155	1.0	1944.0	47.0
164.228	1.0	1945.0	47.0
164.296	1.0	1946.0	47.0
164.348	1.0	1947.0	47.0
164.411	1.0	1948.0	47.5
164.443	1.0	1949.0	47.5
164.525	1.0	1950.0	47.5
164.569	1.0	1951.0	47.5
164.645	1.0	1952.0	47.5
164.688	1.0	1953.0	47.5
164.771	1.0	1954.0	47.5
164.838	1.0	1955.0	47.5
164.902	1.0	1956.0	47.5
164.947	1.0	1957.0	47.5
164.993	1.0	1958.0	47.5
165.018	1.0	1959.0	47.5
165.123	1.0	1960.0	47.5
165.213	1.0	1961.0	47.5
165.257	1.0	1962.0	47.5
165.341	1.0	1963.0	47.5
165.369	1.0	1964.0	47.5
165.42	1.0	1965.0	47.5
165.527	1.0	1966.0	47.5
165.62	1.0	1967.0	47.5
165.675	1.0	1968.0	47.5
165.73	1.0	1969.0	47.5
165.818	1.0	1970.0	47.5
165.96	1.0	1971.0	47.5
166.012	1.0	1972.0	47.5
166.138	1.0	1973.0	47.5
166.202	1.0	1974.0	47.5
166.283	1.0	1975.0	47.5
166.389	1.0	1976.0	48.0
166.522	1.0	1977.0	48.5
166.587	1.0	1978.0	48.5
166.659	1.0	1979.0	48.5
166.713	1.0	1980.0	48.5
166.772	1.0	1981.0	48.5
166.849	1.0	1982.0	48.5
166.927	1.0	1983.0	48.5
166.973	1.0	1984.0	48.5
167.044	1.0	1985.0	48.5
167.121	1.0	1986.0	48.5
167.188	1.0	1987.0	48.5
167.266	1.0	1988.0	48.5
167.32	1.0	1989.0	49.0
167.36	1.0	1990.0	49.0
167.439	1.0	1991.0	49.5
167.479	1.0	1992.0	49.5
167.559	1.0	1993.0	50.0
167.606	1.0	1994.0	50.0
167.665	1.0	1995.0	50.0
167.741	1.0	1996.0	50.0
167.778	1.0	1997.0	50.0
167.847	1.0	1998.0	50.0
167.879	1.0	1999.0	50.0
167.923	1.0	2000.0	50.0
167.997	1.0	2001.0	50.0
168.05	1.0	2002.0	50.0
168.131	1.0	2003.0	50.0
168.213	1.0	2004.0	50.0
168.276	1.0	2005.0	50.0
168.326	1.0	2006.0	50.0
168.388	1.0	2007.0	50.0
168.45	1.0	2008.0	50.5
168.497	1.0	2009.0	50.5
168.627	1.0	2010.0	50.5
168.701	1.0	2011.0	50.5
168.79	1.0	2012.0	50.5
168.861	1.0	2013.0	50.5
168.934	1.0	2014.0	50.5
168.967	1.0	2015.0	50.5
169.003	1.0	2016.0	50.5
169.06	1.0	2017.0	50.5
169.167	1.0	2018.0	50.5
169.226	1.0	2019.0	50.5
169.317	1.0	2020.0	50.5
169.409	1.0	2021.0	50.5
169.467	1.0	2022.0	50.5
169.54	1.0	2023.0	50.5
169.598	1.0	2024.0	50.5
169.655	1.0	2025.0	50.5
169.761	1.0	2026.0	50.5
169.79	1.0	2027.0	50.5
169.861	1.0	2028.0	50.5
169.917	1.0	2029.0	50.5
169.941	1.0	2030.0	50.5
169.995	1.0	2031.0	50.5
170.071	1.0	2032.0	50.5
170.105	1.0	2033.0	50.5
170.222	1.0	2034.0	51.0
170.314	1.0	2035.0	51.5
170.368	1.0	2036.0	51.5
170.436	1.0	2037.0	51.5
170.488	1.0	2038.0	51.5
170.57	1.0	2039.0	51.5
170.672	1.0	2040.0	51.5
170.761	1.0	2041.0	51.5
170.845	1.0	2042.0	51.5
170.881	1.0	2043.0	51.5
170.934	1.0	2044.0	51.5
170.991	1.0	2045.0	51.5
171.058	1.0	2046.0	51.5
171.15	1.0	2047.0	51.5
171.186	1.0	2048.0	52.0
171.239	1.0	2049.0	52.0
171.306	1.0	2050.0	52.0
171.379	1.0	2051.0	52.0
171.429	1.0	2052.0	52.0
171.515	1.0	2053.0	52.0
171.55	1.0	2054.0	52.5
171.606	1.0	2055.0	52.5
171.649	1.0	2056.0	52.5
171.686	1.0	2057.0	52.5
171.784	1.0	2058.0	52.5
171.83	1.0	2059.0	52.5
171.895	1.0	2060.0	52.5
171.933	1.0	2061.0	52.5
172.024	1.0	2062.0	52.5
172.08	1.0	2063.0	52.5
172.123	1.0	2064.0	52.5
172.233	1.0	2065.0	52.5
172.3	1.0	2066.0	52.5
172.387	1.0	2067.0	52.5
172.468	1.0	2068.0	52.5
172.544	1.0	2069.0	52.5
172.617	1.0	2070.0	52.5
172.691	1.0	2071.0	52.5
172.769	1.0	2072.0	52.5
172.874	1.0	2073.0	52.5
172.929	1.0	2074.0	52.5
173.009	1.0	2075.0	52.5
173.086	1.0	2076.0	52.5
173.143	1.0	2077.0	52.5
173.193	1.0	2078.0	52.5
173.25	1.0	2079.0	52.5
173.304	1.0	2080.0	52.5
173.375	1.0	2081.0	52.5
173.415	1.0	2082.0	52.5
173.469	1.0	2083.0	52.5
173.516	1.0	2084.0	52.5
173.587	1.0	2085.0	52.5
173.637	1.0	2086.0	52.5
173.734	1.0	2087.0	52.5
173.822	1.0	2088.0	52.5
173.887	1.0	2089.0	52.5
173.939	1.0	2090.0	52.5
173.999	1.0	2091.0	52.5
174.072	1.0	2092.0	52.5
174.139	1.0	2093.0	52.5
174.223	1.0	2094.0	52.5
174.29	1.0	2095.0	52.5
174.37	1.0	2096.0	52.5
174.436	1.0	2097.0	52.5
174.522	1.0	2098.0	52.5
174.585	1.0	2099.0	52.5
174.651	1.0	2100.0	52.5
174.693	1.0	2101.0	52.5
174.723	1.0	2102.0	53.0
174.777	1.0	2103.0	53.0
174.86	1.0	2104.0	53.0
174.934	1.0	2105.0	53.5
174.978	1.0	2106.0	53.5
175.019	1.0	2107.0	53.5
175.059	1.0	2108.0	53.5
175.101	1.0	2109.0	53.5
175.161	1.0	2110.0	53.5
175.221	1.0	2111.0	53.5
175.275	1.0	2112.0	54.0
175.313	1.0	2113.0	54.0
175.393	1.0	2114.0	54.0
175.455	1.0	2115.0	54.0
175.52	1.0	2116.0	54.0
175.582	1.0	2117.0	54.0
175.637	1.0	2118.0	54.0
175.736	1.0	2119.0	54.0
175.773	1.0	2120.0	54.0
175.819	1.0	2121.0	54.0
175.906	1.0	2122.0	54.0
175.969	1.0	2123.0	54.0
176.022	1.0	2124.0	54.0
176.083	1.0	2125.0	54.0
176.146	1.0	2126.0	54.0
176.222	1.0	2127.0	54.0
176.327	1.0	2128.0	54.0
176.367	1.0	2129.0	54.0
176.42	1.0	2130.0	54.0
176.528	1.0	2131.0	54.0
176.586	1.0	2132.0	54.0
176.67	1.0	2133.0	54.0
176.77	1.0	2134.0	54.0
176.818	1.0	2135.0	54.0
176.875	1.0	2136.0	54.0
176.946	1.0	2137.0	54.0
177.021	1.0	2138.0	54.0
177.107	1.0	2139.0	54.0
177.155	1.0	2140.0	54.0
177.223	1.0	2141.0	54.0
177.304	1.0	2142.0	54.0
177.393	1.0	2143.0	54.0
177.432	1.0	2144.0	54.5
177.478	1.0	2145.0	54.5
177.569	1.0	2146.0	54.5
177.643	1.0	2147.0	54.5
177.688	1.0	2148.0	54.5
177.724	1.0	2149.0	55.0
177.761	1.0	2150.0	55.0
177.816	1.0	2151.0	55.5
177.868	1.0	2152.0	55.5
177.926	1.0	2153.0	55.5
177.972	1.0	2154.0	55.5
178.013	1.0	2155.0	55.5
178.08	1.0	2156.0	55.5
178.154	1.0	2157.0	55.5
178.203	1.0	2158.0	55.5
178.232	1.0	2159.0	56.0
178.28	1.0	2160.0	56.0
178.328	1.0	2161.0	56.0
178.39	1.0	2162.0	56.0
178.468	1.0	2163.0	56.0
178.523	1.0	2164.0	56.0
178.583	1.0	2165.0	56.0
178.625	1.0	2166.0	56.5
178.657	1.0	2167.0	56.5
178.703	1.0	2168.0	56.5
178.767	1.0	2169.0	56.5
178.825	1.0	2170.0	56.5
178.906	1.0	2171.0	56.5
178.933	1.0	2172.0	56.5
178.986	1.0	2173.0	56.5
179.059	1.0	2174.0	56.5
179.104	1.0	2175.0	56.5
179.156	1.0	2176.0	56.5
179.22	1.0	2177.0	56.5
179.333	1.0	2178.0	57.0
179.376	1.0	2179.0	57.0
179.474	1.0	2180.0	57.0
179.521	1.0	2181.0	57.0
179.576	1.0	2182.0	57.0
179.647	1.0	2183.0	57.0
179.719	1.0	2184.0	57.0
179.786	1.0	2185.0	57.0
179.868	1.0	2186.0	57.0
179.935	1.0	2187.0	57.0
180.02	1.0	2188.0	57.0
180.082	1.0	2189.0	57.0
180.19	1.0	2190.0	57.0
180.231	1.0	2191.0	57.0
180.283	1.0	2192.0	57.0
180.34	1.0	2193.0	57.0
180.437	1.0	2194.0	57.0
180.499	1.0	2195.0	57.5
180.549	1.0	2196.0	57.5
180.619	1.0	2197.0	57.5
180.702	1.0	2198.0	57.5
180.75	1.0	2199.0	58.0
180.798	1.0	2200.0	58.0
180.878	1.0	2201.0	58.0
180.948	1.0	2202.0	58.0
181.013	1.0	2203.0	58.0
181.075	1.0	2204.0	58.5
181.132	1.0	2205.0	58.5
181.219	1.0	2206.0	58.5
181.269	1.0	2207.0	58.5
181.355	1.0	2208.0	58.5
181.457	1.0	2209.0	58.5
181.525	1.0	2210.0	58.5
181.567	1.0	2211.0	58.5
181.597	1.0	2212.0	58.5
181.631	1.0	2213.0	58.5
181.748	1.0	2214.0	58.5
181.843	1.0	2215.0	58.5
181.911	1.0	2216.0	58.5
181.964	1.0	2217.0	58.5
182.013	1.0	2218.0	59.0
182.103	1.0	2219.0	59.0
182.16	1.0	2220.0	59.0
182.248	1.0	2221.0	59.0
182.327	1.0	2222.0	59.0
182.391	1.0	2223.0	59.0
182.462	1.0	2224.0	59.0
182.51	1.0	2225.0	59.5
182.587	1.0	2226.0	59.5
182.631	1.0	2227.0	60.0
182.662	1.0	2228.0	60.0
182.752	1.0	2229.0	60.0
182.813	1.0	2230.0	60.0
182.866	1.0	2231.0	60.0
182.908	1.0	2232.0	60.0
182.977	1.0	2233.0	60.0
183.057	1.0	2234.0	60.0
183.112	1.0	2235.0	60.0
183.182	1.0	2236.0	60.0
183.237	1.0	2237.0	60.0
183.301	1.0	2238.0	60.0
183.359	1.0	2239.0	60.0
183.436	1.0	2240.0	60.0
183.506	1.0	2241.0	60.0
183.556	1.0	2242.0	60.0
183.619	1.0	2243.0	60.0
183.698	1.0	2244.0	60.0
183.739	1.0	2245.0	60.0
183.807	1.0	2246.0	60.0
183.848	1.0	2247.0	60.5
183.883	1.0	2248.0	60.5
183.944	1.0	2249.0	60.5
184.018	1.0	2250.0	60.5
184.124	1.0	2251.0	61.0
184.2	1.0	2252.0	61.0
184.271	1.0	2253.0	61.0
184.332	1.0	2254.0	61.0
184.398	1.0	2255.0	61.5
184.467	1.0	2256.0	61.5
184.523	1.0	2257.0	61.5
184.597	1.0	2258.0	61.5
184.644	1.0	2259.0	61.5
184.724	1.0	2260.0	61.5
184.818	1.0	2261.0	61.5
184.906	1.0	2262.0	61.5
184.95	1.0	2263.0	61.5
185.009	1.0	2264.0	61.5
185.105	1.0	2265.0	61.5
185.164	1.0	2266.0	61.5
185.201	1.0	2267.0	61.5
185.307	1.0	2268.0	61.5
185.382	1.0	2269.0	61.5
185.48	1.0	2270.0	61.5
185.525	1.0	2271.0	61.5
185.604	1.0	2272.0	61.5
185.641	1.0	2273.0	61.5
185.698	1.0	2274.0	62.0
185.747	1.0	2275.0	62.0
185.779	1.0	2276.0	62.5
185.839	1.0	2277.0	62.5
185.902	1.0	2278.0	63.0
185.931	1.0	2279.0	63.0
186.01	1.0	2280.0	63.0
186.08	1.0	2281.0	63.0
186.155	1.0	2282.0	63.0
186.265	1.0	2283.0	63.0
186.317	1.0	2284.0	63.0
186.426	1.0	2285.0	63.5
186.478	1.0	2286.0	63.5
186.531	1.0	2287.0	63.5
186.612	1.0	2288.0	63.5
186.682	1.0	2289.0	63.5
186.761	1.0	2290.0	63.5
186.822	1.0	2291.0	63.5
186.877	1.0	2292.0	63.5
186.973	1.0	2293.0	63.5
187.051	1.0	2294.0	63.5
187.128	1.0	2295.0	63.5
187.185	1.0	2296.0	63.5
187.258	1.0	2297.0	63.5
187.352	1.0	2298.0	63.5
187.458	1.0	2299.0	64.0
187.551	1.0	2300.0	64.0
187.651	1.0	2301.0	64.0
187.735	1.0	2302.0	64.0
187.767	1.0	2303.0	64.0
187.835	1.0	2304.0	64.0
187.889	1.0	2305.0	64.0
187.957	1.0	2306.0	64.0
188.054	1.0	2307.0	64.0
188.107	1.0	2308.0	64.0
188.174	1.0	2309.0	64.0
188.258	1.0	2310.0	64.0
188.302	1.0	2311.0	64.0
188.384	1.0	2312.0	64.0
188.445	1.0	2313.0	64.0
188.522	1.0	2314.0	64.0
188.577	1.0	2315.0	64.0
188.672	1.0	2316.0	64.0
188.747	1.0	2317.0	64.0
188.794	1.0	2318.0	64.0
188.878	1.0	2319.0	64.0
188.931	1.0	2320.0	64.0
189.034	1.0	2321.0	64.0
189.106	1.0	2322.0	64.0
189.206	1.0	2323.0	64.0
189.237	1.0	2324.0	64.0
189.339	1.0	2325.0	64.0
189.429	1.0	2326.0	64.0
189.505	1.0	2327.0	64.0
189.568	1.0	2328.0	64.0
189.66	1.0	2329.0	64.0
189.701	1.0	2330.0	64.0
189.827	1.0	2331.0	64.0
189.963	1.0	2332.0	64.5
190.028	1.0	2333.0	64.5
190.126	1.0	2334.0	64.5
190.164	1.0	2335.0	64.5
190.215	1.0	2336.0	64.5
190.258	1.0	2337.0	65.0
190.297	1.0	2338.0	65.0
190.363	1.0	2339.0	65.0
190.415	1.0	2340.0	65.0
190.441	1.0	2341.0	65.0
190.485	1.0	2342.0	65.0
190.601	1.0	2343.0	65.5
190.666	1.0	2344.0	65.5
190.724	1.0	2345.0	65.5
190.774	1.0	2346.0	65.5
190.814	1.0	2347.0	65.5
190.869	1.0	2348.0	65.5
190.971	1.0	2349.0	65.5
191.034	1.0	2350.0	65.5
191.134	1.0	2351.0	65.5
191.211	1.0	2352.0	65.5
191.29	1.0	2353.0	65.5
191.346	1.0	2354.0	65.5
191.466	1.0	2355.0	65.5
191.503	1.0	2356.0	65.5
191.581	1.0	2357.0	65.5
191.621	1.0	2358.0	65.5
191.724	1.0	2359.0	65.5
191.787	1.0	2360.0	65.5
191.866	1.0	2361.0	65.5
191.925	1.0	2362.0	65.5
191.991	1.0	2363.0	65.5
192.054	1.0	2364.0	65.5
192.176	1.0	2365.0	66.0
192.235	1.0	2366.0	66.0
192.307	1.0	2367.0	66.0
192.389	1.0	2368.0	66.0
192.445	1.0	2369.0	66.0
192.53	1.0	2370.0	66.0
192.579	1.0	2371.0	66.0
192.656	1.0	2372.0	66.0
192.714	1.0	2373.0	66.0
192.761	1.0	2374.0	66.0
192.828	1.0	2375.0	66.0
192.952	1.0	2376.0	66.5
193.044	1.0	2377.0	66.5
193.136	1.0	2378.0	66.5
193.176	1.0	2379.0	66.5
193.236	1.0	2380.0	66.5
193.302	1.0	2381.0	66.5
193.408	1.0	2382.0	67.0
193.484	1.0	2383.0	67.0
193.562	1.0	2384.0	67.0
193.603	1.0	2385.0	67.0
193.672	1.0	2386.0	67.0
193.758	1.0	2387.0	67.0
193.806	1.0	2388.0	67.0
193.846	1.0	2389.0	67.0
193.946	1.0	2390.0	67.0
194.007	1.0	2391.0	67.0
194.054	1.0	2392.0	67.5
194.107	1.0	2393.0	67.5
194.153	1.0	2394.0	67.5
194.206	1.0	2395.0	67.5
194.272	1.0	2396.0	67.5
194.335	1.0	2397.0	67.5
194.396	1.0	2398.0	67.5
194.474	1.0	2399.0	67.5
194.541	1.0	2400.0	67.5
194.623	1.0	2401.0	67.5
194.697	1.0	2402.0	67.5
194.787	1.0	2403.0	68.0
194.828	1.0	2404.0	68.0
194.921	1.0	2405.0	68.5
195.011	1.0	2406.0	68.5
195.046	1.0	2407.0	68.5
195.115	1.0	2408.0	68.5
195.221	1.0	2409.0	68.5
195.304	1.0	2410.0	68.5
195.357	1.0	2411.0	68.5
195.427	1.0	2412.0	68.5
195.512	1.0	2413.0	68.5
195.571	1.0	2414.0	68.5
195.623	1.0	2415.0	68.5
195.693	1.0	2416.0	68.5
195.748	1.0	2417.0	68.5
195.824	1.0	2418.0	69.0
195.887	1.0	2419.0	69.0
195.962	1.0	2420.0	69.0
195.996	1.0	2421.0	69.0
196.026	1.0	2422.0	69.0
196.068	1.0	2423.0	69.0
196.192	1.0	2424.0	69.5
196.259	1.0	2425.0	69.5
196.355	1.0	2426.0	69.5
196.458	1.0	2427.0	70.0
196.501	1.0	2428.0	70.0
196.569	1.0	2429.0	70.0
196.635	1.0	2430.0	70.0
196.664	1.0	2431.0	70.0
196.718	1.0	2432.0	70.0
196.791	1.0	2433.0	70.0
196.837	1.0	2434.0	70.0
196.907	1.0	2435.0	70.0
196.969	1.0	2436.0	70.0
197.026	1.0	2437.0	70.0
197.112	1.0	2438.0	70.0
197.185	1.0	2439.0	70.0
197.302	1.0	2440.0	70.5
197.348	1.0	2441.0	70.5
197.441	1.0	2442.0	70.5
197.515	1.0	2443.0	70.5
197.558	1.0	2444.0	70.5
197.657	1.0	2445.0	70.5
197.775	1.0	2446.0	70.5
197.818	1.0	2447.0	70.5
197.869	1.0	2448.0	70.5
197.913	1.0	2449.0	70.5
197.995	1.0	2450.0	70.5
198.126	1.0	2451.0	71.0
198.192	1.0	2452.0	71.0
198.272	1.0	2453.0	71.0
198.329	1.0	2454.0	71.0
198.377	1.0	2455.0	71.0
198.436	1.0	2456.0	71.0
198.503	1.0	2457.0	71.0
198.657	1.0	2458.0	71.5
198.691	1.0	2459.0	71.5
198.727	1.0	2460.0	71.5
198.787	1.0	2461.0	71.5
198.847	1.0	2462.0	71.5
198.93	1.0	2463.0	72.0
199.004	1.0	2464.0	72.0
199.085	1.0	2465.0	72.0
199.154	1.0	2466.0	72.0
199.22	1.0	2467.0	72.0
199.269	1.0	2468.0	72.0
199.343	1.0	2469.0	72.0
199.444	1.0	2470.0	72.0
199.513	1.0	2471.0	72.0
199.576	1.0	2472.0	72.0
199.641	1.0	2473.0	72.0
199.707	1.0	2474.0	72.0
199.762	1.0	2475.0	72.0
199.82	1.0	2476.0	72.0
199.901	1.0	2477.0	72.0
199.95	1.0	2478.0	72.0
199.983	1.0	2479.0	72.0
200.093	1.0	2480.0	72.0
200.171	1.0	2481.0	72.0
200.227	1.0	2482.0	72.0
200.289	1.0	2483.0	72.0
200.345	1.0	2484.0	72.0
200.409	1.0	2485.0	72.0
200.508	1.0	2486.0	72.5
200.612	1.0	2487.0	72.5
200.67	1.0	2488.0	72.5
200.729	1.0	2489.0	72.5
200.807	1.0	2490.0	72.5
200.866	1.0	2491.0	72.5
200.935	1.0	2492.0	72.5
201.008	1.0	2493.0	72.5
201.098	1.0	2494.0	72.5
201.149	1.0	2495.0	72.5
201.227	1.0	2496.0	72.5
201.269	1.0	2497.0	72.5
201.333	1.0	2498.0	72.5
201.377	1.0	2499.0	72.5
201.439	1.0	2500.0	72.5
201.486	1.0	2501.0	72.5
201.571	1.0	2502.0	73.0
201.662	1.0	2503.0	73.5
201.744	1.0	2504.0	73.5
201.837	1.0	2505.0	73.5
201.902	1.0	2506.0	73.5
201.957	1.0	2507.0	73.5
202.021	1.0	2508.0	73.5
202.092	1.0	2509.0	73.5
202.162	1.0	2510.0	73.5
202.245	1.0	2511.0	73.5
202.33	1.0	2512.0	73.5
202.421	1.0	2513.0	73.5
202.475	1.0	2514.0	73.5
202.527	1.0	2515.0	73.5
202.629	1.0	2516.0	73.5
202.686	1.0	2517.0	73.5
202.77	1.0	2518.0	73.5
202.849	1.0	2519.0	74.0
202.891	1.0	2520.0	74.0
202.971	1.0	2521.0	74.0
203.035	1.0	2522.0	74.0
203.072	1.0	2523.0	74.5
203.116	1.0	2524.0	74.5
203.143	1.0	2525.0	74.5
203.186	1.0	2526.0	74.5
203.262	1.0	2527.0	74.5
203.291	1.0	2528.0	74.5
203.345	1.0	2529.0	74.5
203.397	1.0	2530.0	74.5
203.441	1.0	2531.0	74.5
203.5	1.0	2532.0	74.5
203.554	1.0	2533.0	75.0
203.609	1.0	2534.0	75.0
203.671	1.0	2535.0	75.0
203.734	1.0	2536.0	75.0
203.812	1.0	2537.0	75.5
203.867	1.0	2538.0	75.5
203.965	1.0	2539.0	76.0
204.017	1.0	2540.0	76.0
204.149	1.0	2541.0	76.5
204.217	1.0	2542.0	76.5
204.263	1.0	2543.0	76.5
204.319	1.0	2544.0	76.5
204.41	1.0	2545.0	76.5
204.476	1.0	2546.0	76.5
204.527	1.0	2547.0	76.5
204.573	1.0	2548.0	76.5
204.61	1.0	2549.0	76.5
204.674	1.0	2550.0	76.5
204.709	1.0	2551.0	76.5
204.771	1.0	2552.0	76.5
204.841	1.0	2553.0	76.5
204.909	1.0	2554.0	76.5
204.991	1.0	2555.0	76.5
205.068	1.0	2556.0	76.5
205.118	1.0	2557.0	76.5
205.154	1.0	2558.0	76.5
205.237	1.0	2559.0	76.5
205.275	1.0	2560.0	76.5
205.337	1.0	2561.0	76.5
205.38	1.0	2562.0	76.5
205.441	1.0	2563.0	76.5
205.514	1.0	2564.0	76.5
205.555	1.0	2565.0	76.5
205.589	1.0	2566.0	76.5
205.648	1.0	2567.0	76.5
205.698	1.0	2568.0	76.5
205.774	1.0	2569.0	77.0
205.908	1.0	2570.0	77.0
205.971	1.0	2571.0	77.0
206.066	1.0	2572.0	77.5
206.141	1.0	2573.0	77.5
206.19	1.0	2574.0	77.5
206.275	1.0	2575.0	77.5
206.342	1.0	2576.0	77.5
206.421	1.0	2577.0	77.5
206.479	1.0	2578.0	77.5
206.533	1.0	2579.0	77.5
206.576	1.0	2580.0	77.5
206.645	1.0	2581.0	77.5
206.701	1.0	2582.0	77.5
206.746	1.0	2583.0	77.5
206.797	1.0	2584.0	77.5
206.886	1.0	2585.0	77.5
206.949	1.0	2586.0	77.5
206.972	1.0	2587.0	77.5
207.029	1.0	2588.0	77.5
207.132	1.0	2589.0	78.0
207.212	1.0	2590.0	78.0
207.273	1.0	2591.0	78.0
207.328	1.0	2592.0	78.0
207.415	1.0	2593.0	78.0
207.5	1.0	2594.0	78.0
207.566	1.0	2595.0	78.0
207.626	1.0	2596.0	78.0
207.67	1.0	2597.0	78.0
207.699	1.0	2598.0	78.5
207.752	1.0	2599.0	78.5
207.801	1.0	2600.0	78.5
207.839	1.0	2601.0	79.0
207.892	1.0	2602.0	79.0
207.937	1.0	2603.0	79.0
208.015	1.0	2604.0	79.0
208.067	1.0	2605.0	79.0
208.135	1.0	2606.0	79.0
208.161	1.0	2607.0	79.5
208.199	1.0	2608.0	79.5
208.264	1.0	2609.0	79.5
208.294	1.0	2610.0	79.5
208.33	1.0	2611.0	79.5
208.368	1.0	2612.0	79.5
208.411	1.0	2613.0	79.5
208.458	1.0	2614.0	79.5
208.518	1.0	2615.0	79.5
208.565	1.0	2616.0	79.5
208.659	1.0	2617.0	79.5
208.75	1.0	2618.0	79.5
208.797	1.0	2619.0	79.5
208.898	1.0	2620.0	80.0
208.96	1.0	2621.0	80.0
209.014	1.0	2622.0	80.0
209.065	1.0	2623.0	80.0
209.13	1.0	2624.0	80.0
209.156	1.0	2625.0	80.0
209.217	1.0	2626.0	80.0
209.298	1.0	2627.0	80.5
209.354	1.0	2628.0	80.5
209.394	1.0	2629.0	81.0
209.418	1.0	2630.0	81.0
209.48	1.0	2631.0	81.0
209.561	1.0	2632.0	81.0
209.591	1.0	2633.0	81.0
209.672	1.0	2634.0	81.0
209.739	1.0	2635.0	81.0
209.804	1.0	2636.0	81.0
209.894	1.0	2637.0	81.5
209.939	1.0	2638.0	81.5
210.014	1.0	2639.0	82.0
210.08	1.0	2640.0	82.0
210.152	1.0	2641.0	82.0
210.239	1.0	2642.0	82.0
210.324	1.0	2643.0	82.0
210.397	1.0	2644.0	82.0
210.519	1.0	2645.0	82.5
210.591	1.0	2646.0	82.5
210.645	1.0	2647.0	82.5
210.713	1.0	2648.0	82.5
210.784	1.0	2649.0	82.5
210.845	1.0	2650.0	82.5
210.914	1.0	2651.0	82.5
211.005	1.0	2652.0	82.5
211.073	1.0	2653.0	82.5
211.141	1.0	2654.0	82.5
211.213	1.0	2655.0	82.5
211.266	1.0	2656.0	82.5
211.342	1.0	2657.0	82.5
211.389	1.0	2658.0	82.5
211.437	1.0	2659.0	82.5
211.474	1.0	2660.0	82.5
211.557	1.0	2661.0	82.5
211.611	1.0	2662.0	82.5
211.712	1.0	2663.0	83.0
211.786	1.0	2664.0	83.0
211.848	1.0	2665.0	83.0
211.898	1.0	2666.0	83.0
211.959	1.0	2667.0	83.0
212.02	1.0	2668.0	83.0
212.069	1.0	2669.0	83.0
212.13	1.0	2670.0	83.0
212.232	1.0	2671.0	83.0
212.279	1.0	2672.0	83.0
212.362	1.0	2673.0	83.5
212.438	1.0	2674.0	83.5
212.484	1.0	2675.0	83.5
212.583	1.0	2676.0	83.5
212.657	1.0	2677.0	83.5
212.735	1.0	2678.0	83.5
212.778	1.0	2679.0	83.5
212.87	1.0	2680.0	84.0
212.906	1.0	2681.0	84.0
212.974	1.0	2682.0	84.0
213.061	1.0	2683.0	84.0
213.15	1.0	2684.0	84.5
213.191	1.0	2685.0	84.5
213.248	1.0	2686.0	84.5
213.332	1.0	2687.0	84.5
213.438	1.0	2688.0	84.5
213.51	1.0	2689.0	85.0
213.582	1.0	2690.0	85.0
213.66	1.0	2691.0	85.0
213.75	1.0	2692.0	85.0
213.803	1.0	2693.0	85.0
213.841	1.0	2694.0	85.0
213.939	1.0	2695.0	85.0
214.016	1.0	2696.0	85.0
214.076	1.0	2697.0	85.0
214.161	1.0	2698.0	85.0
214.2	1.0	2699.0	85.0
214.247	1.0	2700.0	85.0
214.274	1.0	2701.0	85.5
214.326	1.0	2702.0	85.5
214.374	1.0	2703.0	85.5
214.403	1.0	2704.0	85.5
214.479	1.0	2705.0	85.5
214.515	1.0	2706.0	85.5
214.57	1.0	2707.0	85.5
214.634	1.0	2708.0	85.5
214.691	1.0	2709.0	85.5
214.759	1.0	2710.0	85.5
214.832	1.0	2711.0	85.5
214.919	1.0	2712.0	85.5
214.958	1.0	2713.0	85.5
215.03	1.0	2714.0	85.5
215.104	1.0	2715.0	85.5
215.158	1.0	2716.0	85.5
215.241	1.0	2717.0	85.5
215.308	1.0	2718.0	85.5
215.355	1.0	2719.0	85.5
215.409	1.0	2720.0	85.5
215.458	1.0	2721.0	85.5
215.589	1.0	2722.0	86.0
215.637	1.0	2723.0	86.0
215.71	1.0	2724.0	86.0
215.747	1.0	2725.0	86.0
215.842	1.0	2726.0	86.0
215.891	1.0	2727.0	86.0
215.972	1.0	2728.0	86.0
216.055	1.0	2729.0	86.0
216.141	1.0	2730.0	86.5
216.213	1.0	2731.0	86.5
216.273	1.0	2732.0	86.5
216.326	1.0	2733.0	86.5
216.39	1.0	2734.0	86.5
216.446	1.0	2735.0	86.5
216.531	1.0	2736.0	86.5
216.592	1.0	2737.0	86.5
216.685	1.0	2738.0	87.0
216.757	1.0	2739.0	87.0
216.807	1.0	2740.0	87.0
216.873	1.0	2741.0	87.0
216.94	1.0	2742.0	87.0
217.013	1.0	2743.0	87.0
217.057	1.0	2744.0	87.0
217.159	1.0	2745.0	87.0
217.235	1.0	2746.0	87.0
217.28	1.0	2747.0	87.0
217.343	1.0	2748.0	87.0
217.455	1.0	2749.0	87.5
217.536	1.0	2750.0	87.5
217.593	1.0	2751.0	87.5
217.649	1.0	2752.0	87.5
217.74	1.0	2753.0	87.5
217.764	1.0	2754.0	87.5
217.826	1.0	2755.0	87.5
217.877	1.0	2756.0	87.5
217.924	1.0	2757.0	87.5
218.014	1.0	2758.0	88.0
218.118	1.0	2759.0	88.0
218.169	1.0	2760.0	88.0
218.252	1.0	2761.0	88.0
218.304	1.0	2762.0	88.0
218.358	1.0	2763.0	88.0
218.435	1.0	2764.0	88.0
218.555	1.0	2765.0	88.5
218.637	1.0	2766.0	89.0
218.735	1.0	2767.0	89.0
218.776	1.0	2768.0	89.0
218.846	1.0	2769.0	89.0
218.886	1.0	2770.0	89.0
218.994	1.0	2771.0	89.5
219.038	1.0	2772.0	89.5
219.126	1.0	2773.0	89.5
219.164	1.0	2774.0	89.5
219.24	1.0	2775.0	90.0
219.311	1.0	2776.0	90.0
219.368	1.0	2777.0	90.0
219.41	1.0	2778.0	90.0
219.442	1.0	2779.0	90.0
219.497	1.0	2780.0	90.0
219.578	1.0	2781.0	90.0
219.636	1.0	2782.0	90.0
219.682	1.0	2783.0	90.0
219.786	1.0	2784.0	90.0
219.835	1.0	2785.0	90.0
219.895	1.0	2786.0	90.0
219.989	1.0	2787.0	90.5
220.064	1.0	2788.0	90.5
220.103	1.0	2789.0	90.5
220.17	1.0	2790.0	90.5
220.204	1.0	2791.0	91.0
220.244	1.0	2792.0	91.0
220.289	1.0	2793.0	91.0
220.361	1.0	2794.0	91.0
220.446	1.0	2795.0	91.0
220.471	1.0	2796.0	91.0
220.56	1.0	2797.0	91.5
220.624	1.0	2798.0	91.5
220.705	1.0	2799.0	91.5
220.771	1.0	2800.0	91.5
220.85	1.0	2801.0	92.0
220.92	1.0	2802.0	92.0
220.969	1.0	2803.0	92.0
221.034	1.0	2804.0	92.0
221.095	1.0	2805.0	92.0
221.189	1.0	2806.0	92.0
221.317	1.0	2807.0	92.5
221.387	1.0	2808.0	92.5
221.458	1.0	2809.0	92.5
221.537	1.0	2810.0	92.5
221.631	1.0	2811.0	92.5
221.715	1.0	2812.0	92.5
221.76	1.0	2813.0	92.5
221.802	1.0	2814.0	92.5
221.837	1.0	2815.0	92.5
221.913	1.0	2816.0	92.5
221.989	1.0	2817.0	92.5
222.023	1.0	2818.0	92.5
222.09	1.0	2819.0	92.5
222.149	1.0	2820.0	92.5
222.187	1.0	2821.0	92.5
222.237	1.0	2822.0	92.5
222.305	1.0	2823.0	92.5
222.362	1.0	2824.0	92.5
222.421	1.0	2825.0	92.5
222.477	1.0	2826.0	92.5
222.54	1.0	2827.0	92.5
222.597	1.0	2828.0	93.0
222.666	1.0	2829.0	93.0
222.71	1.0	2830.0	93.0
222.773	1.0	2831.0	93.0
222.838	1.0	2832.0	93.0
222.902	1.0	2833.0	93.0
222.965	1.0	2834.0	93.0
223.061	1.0	2835.0	93.0
223.117	1.0	2836.0	93.0
223.169	1.0	2837.0	93.0
223.254	1.0	2838.0	93.0
223.314	1.0	2839.0	93.0
223.381	1.0	2840.0	93.0
223.412	1.0	2841.0	93.0
223.465	1.0	2842.0	93.0
223.565	1.0	2843.0	93.0
223.658	1.0	2844.0	93.0
223.712	1.0	2845.0	93.0
223.783	1.0	2846.0	93.0
223.837	1.0	2847.0	93.0
223.881	1.0	2848.0	93.0
223.944	1.0	2849.0	93.0
224.01	1.0	2850.0	93.0
224.086	1.0	2851.0	93.0
224.127	1.0	2852.0	93.0
224.197	1.0	2853.0	93.0
224.258	1.0	2854.0	93.0
224.303	1.0	2855.0	93.0
224.341	1.0	2856.0	93.0
224.385	1.0	2857.0	93.0
224.432	1.0	2858.0	93.0
224.479	1.0	2859.0	93.0
224.573	1.0	2860.0	93.0
224.633	1.0	2861.0	93.0
224.729	1.0	2862.0	93.5
224.779	1.0	2863.0	93.5
224.848	1.0	2864.0	93.5
224.915	1.0	2865.0	94.0
224.966	1.0	2866.0	94.0
225.053	1.0	2867.0	94.0
225.107	1.0	2868.0	94.0
225.167	1.0	2869.0	94.0
225.209	1.0	2870.0	94.0
225.296	1.0	2871.0	94.0
225.369	1.0	2872.0	94.0
225.419	1.0	2873.0	94.0
225.449	1.0	2874.0	94.0
225.509	1.0	2875.0	94.0
225.556	1.0	2876.0	94.0
225.615	1.0	2877.0	94.0
225.655	1.0	2878.0	94.0
225.696	1.0	2879.0	94.0
225.774	1.0	2880.0	94.0
225.814	1.0	2881.0	94.0
225.894	1.0	2882.0	94.0
226.016	1.0	2883.0	94.0
226.099	1.0	2884.0	94.0
226.155	1.0	2885.0	94.0
226.208	1.0	2886.0	94.0
226.289	1.0	2887.0	94.0
226.375	1.0	2888.0	94.0
226.43	1.0	2889.0	94.0
226.508	1.0	2890.0	94.0
226.557	1.0	2891.0	94.0
226.661	1.0	2892.0	94.0
226.733	1.0	2893.0	94.0
226.763	1.0	2894.0	94.0
226.809	1.0	2895.0	94.0
226.876	1.0	2896.0	94.0
226.916	1.0	2897.0	94.0
226.987	1.0	2898.0	94.0
227.068	1.0	2899.0	94.0
227.123	1.0	2900.0	94.0
227.194	1.0	2901.0	94.0
227.257	1.0	2902.0	94.0
227.324	1.0	2903.0	94.0
227.366	1.0	2904.0	94.0
227.432	1.0	2905.0	94.0
227.487	1.0	2906.0	94.0
227.519	1.0	2907.0	94.0
227.57	1.0	2908.0	94.0
227.65	1.0	2909.0	94.0
227.76	1.0	2910.0	94.5
227.826	1.0	2911.0	94.5
227.892	1.0	2912.0	95.0
227.92	1.0	2913.0	95.0
227.952	1.0	2914.0	95.0
228.032	1.0	2915.0	95.0
228.06	1.0	2916.0	95.0
228.148	1.0	2917.0	95.5
228.189	1.0	2918.0	95.5
228.246	1.0	2919.0	96.0
228.302	1.0	2920.0	96.0
228.349	1.0	2921.0	96.0
228.42	1.0	2922.0	96.0
228.456	1.0	2923.0	96.0
228.524	1.0	2924.0	96.0
228.605	1.0	2925.0	96.0
228.685	1.0	2926.0	96.0
228.736	1.0	2927.0	96.0
228.776	1.0	2928.0	96.0
228.82	1.0	2929.0	96.0
228.89	1.0	2930.0	96.0
228.93	1.0	2931.0	96.0
229.022	1.0	2932.0	96.0
229.105	1.0	2933.0	96.0
229.142	1.0	2934.0	96.0
229.208	1.0	2935.0	96.5
229.261	1.0	2936.0	96.5
229.312	1.0	2937.0	96.5
229.341	1.0	2938.0	96.5
229.428	1.0	2939.0	96.5
229.472	1.0	2940.0	96.5
229.574	1.0	2941.0	97.0
229.621	1.0	2942.0	97.0
229.677	1.0	2943.0	97.0
229.716	1.0	2944.0	97.0
229.755	1.0	2945.0	97.0
229.794	1.0	2946.0	97.0
229.873	1.0	2947.0	97.0
229.963	1.0	2948.0	97.0
230.059	1.0	2949.0	97.5
230.092	1.0	2950.0	97.5
230.189	1.0	2951.0	98.0
230.264	1.0	2952.0	98.0
230.324	1.0	2953.0	98.0
230.431	1.0	2954.0	98.0
230.474	1.0	2955.0	98.0
230.533	1.0	2956.0	98.0
230.583	1.0	2957.0	98.0
230.624	1.0	2958.0	98.0
230.662	1.0	2959.0	98.0
230.727	1.0	2960.0	98.0
230.765	1.0	2961.0	98.0
230.836	1.0	2962.0	98.0
230.902	1.0	2963.0	98.0
230.974	1.0	2964.0	98.0
231.019	1.0	2965.0	98.0
231.123	1.0	2966.0	98.0
231.191	1.0	2967.0	98.0
231.236	1.0	2968.0	98.0
231.286	1.0	2969.0	98.5
231.326	1.0	2970.0	98.5
231.383	1.0	2971.0	98.5
231.437	1.0	2972.0	98.5
231.485	1.0	2973.0	98.5
231.622	1.0	2974.0	99.0
231.709	1.0	2975.0	99.0
231.747	1.0	2976.0	99.0
231.836	1.0	2977.0	99.0
231.915	1.0	2978.0	99.0
231.954	1.0	2979.0	99.0
232.03	1.0	2980.0	99.0
232.1	1.0	2981.0	99.0
232.17	1.0	2982.0	99.0
232.23	1.0	2983.0	99.0
232.315	1.0	2984.0	99.0
232.402	1.0	2985.0	99.0
232.48	1.0	2986.0	99.0
232.578	1.0	2987.0	99.0
232.647	1.0	2988.0	99.0
232.702	1.0	2989.0	99.0
232.79	1.0	2990.0	99.0
232.834	1.0	2991.0	99.0
232.922	1.0	2992.0	99.0
232.971	1.0	2993.0	99.0
233.059	1.0	2994.0	99.5
233.15	1.0	2995.0	99.5
233.201	1.0	2996.0	99.5
233.254	1.0	2997.0	99.5
233.317	1.0	2998.0	99.5
233.379	1.0	2999.0	99.5
233.442	1.0	3000.0	99.5
233.487	1.0	3001.0	99.5
233.558	1.0	3002.0	99.5
233.625	1.0	3003.0	99.5
233.673	1.0	3004.0	99.5
233.768	1.0	3005.0	99.5
233.827	1.0	3006.0	99.5
233.905	1.0	3007.0	99.5
233.959	1.0	3008.0	99.5
233.996	1.0	3009.0	99.5
234.061	1.0	3010.0	99.5
234.106	1.0	3011.0	99.5
234.166	1.0	3012.0	99.5
234.206	1.0	3013.0	99.5
234.237	1.0	3014.0	99.5
234.314	1.0	3015.0	99.5
234.367	1.0	3016.0	99.5
234.43	1.0	3017.0	99.5
234.519	1.0	3018.0	99.5
234.568	1.0	3019.0	99.5
234.641	1.0	3020.0	99.5
234.715	1.0	3021.0	100.0
234.752	1.0	3022.0	100.0
234.803	1.0	3023.0	100.0
234.879	1.0	3024.0	100.0
234.944	1.0	3025.0	100.0
234.997	1.0	3026.0	100.0
235.081	1.0	3027.0	100.0
235.139	1.0	3028.0	100.0
235.216	1.0	3029.0	100.0
235.27	1.0	3030.0	100.0
235.324	1.0	3031.0	100.0
235.41	1.0	3032.0	100.0
235.451	1.0	3033.0	100.0
235.513	1.0	3034.0	100.0
235.546	1.0	3035.0	100.0
235.593	1.0	3036.0	100.0
235.65	1.0	3037.0	100.0
235.678	1.0	3038.0	100.0
235.75	1.0	3039.0	100.0
235.851	1.0	3040.0	100.0
235.898	1.0	3041.0	100.0
235.973	1.0	3042.0	100.0
236.059	1.0	3043.0	100.0
236.108	1.0	3044.0	100.0
236.167	1.0	3045.0	100.0
236.216	1.0	3046.0	100.0
236.25	1.0	3047.0	100.0
236.273	1.0	3048.0	100.0
236.337	1.0	3049.0	100.0
236.369	1.0	3050.0	100.0
236.418	1.0	3051.0	100.0
236.49	1.0	3052.0	100.0
236.543	1.0	3053.0	100.0
236.589	1.0	3054.0	100.0
236.664	1.0	3055.0	100.0
236.716	1.0	3056.0	100.0
236.811	1.0	3057.0	100.5
236.913	1.0	3058.0	101.0
236.992	1.0	3059.0	101.5
237.081	1.0	3060.0	102.0
237.144	1.0	3061.0	102.0
237.191	1.0	3062.0	102.0
237.282	1.0	3063.0	102.0
237.317	1.0	3064.0	102.0
237.417	1.0	3065.0	102.0
237.442	1.0	3066.0	102.0
237.549	1.0	3067.0	102.5
237.648	1.0	3068.0	103.0
237.698	1.0	3069.0	103.0
237.741	1.0	3070.0	103.0
237.802	1.0	3071.0	103.0
237.856	1.0	3072.0	103.0
237.9	1.0	3073.0	103.0
237.988	1.0	3074.0	103.0
238.079	1.0	3075.0	103.5
238.119	1.0	3076.0	103.5
238.164	1.0	3077.0	104.0
238.192	1.0	3078.0	104.0
238.249	1.0	3079.0	104.0
238.315	1.0	3080.0	104.0
238.341	1.0	3081.0	104.0
238.431	1.0	3082.0	104.0
238.511	1.0	3083.0	104.0
238.547	1.0	3084.0	104.5
238.585	1.0	3085.0	104.5
238.651	1.0	3086.0	104.5
238.71	1.0	3087.0	104.5
238.78	1.0	3088.0	104.5
238.813	1.0	3089.0	104.5
238.906	1.0	3090.0	104.5
238.947	1.0	3091.0	104.5
239.089	1.0	3092.0	105.0
239.148	1.0	3093.0	105.0
239.186	1.0	3094.0	105.0
239.268	1.0	3095.0	105.0
239.325	1.0	3096.0	105.0
239.404	1.0	3097.0	105.0
239.44	1.0	3098.0	105.0
239.509	1.0	3099.0	105.0
239.572	1.0	3100.0	105.0
239.642	1.0	3101.0	105.0
239.702	1.0	3102.0	105.0
239.756	1.0	3103.0	105.0
239.845	1.0	3104.0	105.0
239.897	1.0	3105.0	105.0
239.933	1.0	3106.0	105.0
240.01	1.0	3107.0	105.0
240.05	1.0	3108.0	105.0
240.122	1.0	3109.0	105.0
240.233	1.0	3110.0	105.5
240.279	1.0	3111.0	105.5
240.331	1.0	3112.0	105.5
240.378	1.0	3113.0	105.5
240.421	1.0	3114.0	106.0
240.477	1.0	3115.0	106.0
240.507	1.0	3116.0	106.0
240.604	1.0	3117.0	106.0
240.652	1.0	3118.0	106.0
240.684	1.0	3119.0	106.0
