EDML-WDC_EDML
116.731
117.5414
117.723
120.454
125.2666
127.6584
130.9331
134.7026
140.2718
140.8658
143.6115
146.2058
148.267
150.4202
152.8546
154.7516
155.9793
156.1742
157.202
164.3724
165.2513
167.0722
169.578
170.4712
173.8308
175.3751
178.0702
180.4937
187.3164
189.5028
190.594
192.768
199.0366
202.9062
212.114
230.5623
233.1555
241.7304
246.9195
253.5215
256.4855
257.0945
265.801
269.6079
270.7208
272.3018
274.516
276.2961
285.6981
286.4422
289.3242
292.4305
296.298
310.9336
313.4656
316.2391
319.1146
320.4018
322.3789
323.2245
324.8647
329.5806
336.1204
338.0998
349.6999
355.9677
361.8118
363.6586
371.988
378.9124
380.6237
384.7667
391.991
392.5638
392.8713
395.4368
399.2419
409.5129
412.6891
417.1532
420.8545
429.0091
429.1719
430.6217
431.2436
437.4206
438.987
442.6374
447.8548
448.2972
459.3991
467.2762
469.7257
474.0236
477.0467
493.598
507.6967
508.3269
509.2363
511.97116
512.77576
512.9772
513.2568
513.8898
514.556
515.29803
515.72955
517.4511
517.7965
518.7778
521.6343
522.05524
522.8398
523.0737
525.51
526.5789
527.3511
527.72925
528.05695
528.2242
529.8808
530.32513
531.7564
531.893
532.0804
533.71497
534.1306
534.53754
534.7717
535.5768
540.864
543.3093
543.6593
545.45374
545.8281
549.86957
550.648
551.5567
552.77844
554.9326
555.3609
558.61957
559.2883
559.5472
565.0266
565.7274
566.4092
566.6871
568.2952
571.8076
574.0736
575.4271
576.0817
576.6992
577.5616
578.3295
581.97034
582.6378
583.2178
588.2189
589.9269
593.3291
595.3539
596.6662
598.3181
600.4108
603.10175
603.8973
604.7443
606.884
608.1039
608.4193
610.4292
611.2316
612.7515
618.1446
622.0729
623.20856
623.495
623.495
623.7122
624.13
624.9429
625.5884
626.9388
628.51715
629.8864
632.5103
633.0737
634.378
636.18805
636.58234
637.4564
639.2068
639.9758
641.4183
641.6659
641.8516
642.51697
642.8293
646.9658
648.2503
648.5409
650.2559
651.3546
652.9167
653.84753
655.6406
655.8948
656.3789
657.35144
657.723
657.88477
658.59283
658.8526
659.1339
659.5264
661.8289
662.45386
665.0622
667.0379
667.42487
668.0817
670.0667
671.266
675.5111
676.90106
677.11
677.5196
679.4928
681.2387
686.9569
688.829
689.9252
692.2069
692.77
694.76935
695.5927
696.30536
700.1818
703.3625
703.6969
708.715
709.3297
711.8335
712.2679
718.8882
720.315
720.8033
722.5277
722.6261
722.8629
722.86847
724.23303
725.827
726.3054
727.5791
728.64844
728.85956
729.13385
730.2406
731.4677
732.404
732.5393
732.6378
733.654
734.7634
735.3818
737.866
738.15535
739.25476
741.2426
742.60868
743.7475
744.96625
746.505
747.8212
749.5496499999999
750.223915
751.1599
752.0891
754.1588
754.719
757.76154
758.36566
758.5352350000001
759.28868
760.76232
761.6929
764.02905
764.4761
765.0878
766.3746
766.56085
766.79425
767.0599
767.9488200000001
769.7599
773.8525
774.8901000000001
776.62476
784.9083
789.3906999999999
790.1545
790.943
793.212
794.57995
795.5209
798.18207
799.2092
799.79926
800.893975
801.4704
801.8458
802.23456
802.3611
803.8619
805.325585
805.68445
805.86084
806.044085
807.254
808.2398000000001
810.3696
811.5472
812.1118
813.7708
813.94446
816.3066
817.269675
817.808
818.71985
820.9201
821.392
825.9898
829.186675
829.8215
830.2655
832.5485
839.5169
840.6224
843.3549
845.3491349999999
846.05448
846.1537
846.4583
846.71326
846.8951
847.6543750000001
848.4432
851.3265
851.48182
851.58704
851.8284
852.3507
853.56244
854.4249
854.59467
857.3706
858.14855
859.6448
860.5787
861.1642
861.9599
866.40515
867.1759
871.3299
871.7418
872.54144
873.0694
873.3693
875.2794
878.84564
879.864785
880.07
880.0768
882.27035
891.98
896.769
899.8
901.373
904.0
905.1
906.65
909.48
911.7283
912.1894
916.5853
918.11346
919.75446
921.3987
921.7392
925.148
925.34656
925.95
927.2386
929.6663
930.27606
930.50226
936.7
936.7164
939.6847
940.71255
940.82074
949.1764
952.24637
953.26764
953.7974
954.29695
954.93872
955.2076
955.6017
956.1105
957.2414
958.29278
959.4158
961.3785
961.72253
962.16665
963.9643
964.8924
967.0306
967.50073
967.8899
968.6351
968.8767
969.5105
970.81515
972.7121
976.4758
977.7451
980.100475
980.68634
982.91364
984.6586
985.9553
986.958
988.3084
988.96985
989.90594
990.532
993.68372
994.9151
995.9015
996.6058
997.8
1000.193175
1000.9648
1001.4032
1001.892
1002.91703
1003.775165
1004.88306
1005.6105
1008.79365
1011.58132
1012.5484
1015.083
1015.7175
1017.41667
1019.31698
1022.24145
1023.0443
1023.7791
1024.188
1024.7548
1026.44935
1027.5835
1028.5413
1033.5725
1037.1621
1038.9949
1041.0626
1042.0862499999998
1045.4977
1045.8883
1047.2415
1049.494
1050.0583
1051.3606
1051.8112
1052.07975
1052.4137
1053.9028
1057.41955
1058.5951
1059.0714
1059.9694
1061.1747
1061.3577
1061.6215
1062.5464
1062.8818
1063.2776
1063.8885
1064.4374
1064.6063
1064.7734
1064.9208
1066.0419
1066.7675
1067.5082
1069.7186
1070.3527
1071.5742
1072.0475
1072.527
1076.9367
1079.2099
1080.2302
1080.9426
1081.198
1083.3357
1084.13915
1084.85385
1085.0177
1085.6605
1086.5614
1087.1918
1087.5996
1088.4143
1089.4315
1090.6881
1091.1998
1091.56
1092.4806
1093.3995
1093.6416
1094.1278
1097.3219
1098.3431
1099.6436
1103.409
1103.8265
1105.0555
1106.7719
1107.6481
1108.7854
1109.6127
1110.497
1111.2246
1112.7366
1114.2236
1116.9458
1117.9763
1118.467
1118.7223
1119.0592
1119.2231
1120.6953
1121.5497
1122.9567
1123.9815
1125.7896
1126.4568
1126.7864
1127.7
1129.6122
1131.7615
1132.84085
1132.9904
1135.2258
1136.8676
1137.9976
1140.6
1143.3176
1143.5547
1143.8121
1145.3641
1145.8827
1146.1483
1146.8016
1148.0812
1149.2009
1152.7919
1154.3326
1160.1414
1160.9575
1161.235
1165.6622
1170.1908
1174.5055
1176.7098
1178.3827
1181.2902
1182.282
1186.0457
1190.5842
1191.3242
1191.6111
1193.1672
1193.5905
1193.9316
1194.6832
1196.2463
1196.8378
1196.9673
1198.6675
1199.5844
1200.826
1203.16025
1206.0669
1206.3578
1207.1006
1207.6274
1209.6936
1210.2506
1211.3991
1217.361
1220.1136
1220.7222000000002
1221.04245
1221.1936
1222.0224
1222.1812
1223.5343
1224.4772
1224.9631
1225.6224
1226.2905
1227.321
1230.5618
1230.7504
1231.2432
1233.7178
1235.2339
1235.3787
1235.8712
1239.1831
1239.8987
1240.0746
1240.9088
1241.0685
1241.9679
1242.1875
1243.9702
1244.3347
1244.5215
1244.7455
1245.19595
1246.0563
1246.35375
1247.97
1248.2197
1248.494
1248.7593
1249.5577
1249.7812
1250.6256
1250.8594
1253.4465
1254.4452
1254.9532
1255.274
1255.6287
1257.1257
1258.6908
1262.2782
1263.2957
1263.7002
1263.9119
1265.78
1266.7571
1267.6957
1268.4224
1268.9495000000002
1269.3977
1269.917
1271.3693
1272.2656
1276.3038
1277.5232
1277.8857
1279.8978
1283.81855
1284.088
1284.2189
1284.4559
1285.7336
1286.8418
1291.8336
1292.1996
1292.5016
1292.6776
1295.1024
1295.336
1296.6914
1297.6359
1298.3978
1299.1697
1304.8607
1306.8973
1307.6161
1307.9232
1308.5588
1309.9718
1310.3324
1311.0918
1312.6606
1313.0744
1315.615
1316.0472
1317.9573
1318.3599
1319.3599
1319.7817
1321.1089
1321.9637
1323.8508
1326.0427
1327.9834
1329.2245
1331.0833
1331.3416
1336.0631
1341.8055
1342.3386
1342.5227
1343.9125
1345.8628
1349.5306
1350.5892
1353.0481
1354.5671
1356.11
1356.2933
1356.4813
1357.3438999999998
1357.8235
1359.3225
1359.7511
1360.1752
1365.7554
1368.404
1369.5428
1372.7153
1375.1436
1376.911
1379.4951
1382.3071
1386.5737
1387.2803
1389.2277
1390.005
1390.7417
1391.4546
1393.787
1394.1654
1394.5894
1396.3214
1398.60125
1399.1726
1400.132
1400.2625
1401.2202
1402.5944
1402.9615
1403.19125
1403.3993
1403.6154
1404.3193
1404.8271
1405.01495
1408.0414
1408.9618
1410.2815500000002
1411.97695
1412.3985
1413.6984
1414.4567
1415.6458
1416.3368
1418.1204
1421.702
1422.7283
1427.9756
1428.7064
1429.1072
1430.3964
1431.2708
1432.5023
1435.0812
1436.5374
1437.1952
1439.0713
1444.2817
1444.6552
1446.2877
1447.7074
1447.9673
1448.1311500000002
1448.6974
1450.0602
1450.5049
1451.1344
1452.6398
1454.2037
1454.3633
1456.2834
1457.9445
1460.4272
1460.6394
1460.9434
1461.3163
1461.4382
1461.6609
1462.1211
1462.9827
1463.1543
1464.7275
1465.9336
1466.3997
1468.9214
1471.22525
1472.2899
1472.4852
1473.0702
1473.1953
1473.8131
1474.4349
1476.1862
1477.2621
1477.5535
1479.4391
1487.9155
1489.7626
1491.9298
1492.8364
1493.3146
1494.1265
1494.7015
1494.948
1496.5859
1497.9105
1499.8564
1500.28
1500.5045
1502.4645
1502.8308
1503.0574
1503.6066
1504.3639
1504.5403
1506.1405
1506.3495
1506.813
1507.3272
1508.725
1515.9142
1517.4257
1519.6688
1520.425
1523.7034
1526.1255
1526.6407
1526.974
1528.4274
1528.6454
1530.0637
1531.6296
1532.6385
1534.3814000000002
1536.5988
1541.6805
1544.3904
1544.893
1545.1278
1545.5842
1547.8078
1549.38625
1549.6378
1550.2498
1550.6749
1551.5374
1551.8174
1552.6221
1555.78
1556.5901
1557.579
1558.4028
1558.933
1561.2207
1561.5966
1561.7777
1563.1788
1563.756
1564.6693
1565.6294
1567.6615
1567.9637
1568.2968
1572.16535
1574.9269
1575.5079
1576.66635
1580.7957
1581.0411
1583.3253
1586.2992
1587.061
1589.7266
1591.1084
1591.5894
1591.8534
1592.9877
1593.6072
1596.6807
1599.9634
1600.9833
1601.3707
1602.8
1608.4176
1609.9409
1613.7388
1618.4296
1619.39
1620.6469
1623.1815
1625.0348
1627.324
1628.15
1628.5027
1628.8753
1630.61
1631.9185
1633.76945
1634.8036
1635.1331
1637.5413
1637.889
1639.348
1640.6683
1640.9193
1644.0362
1645.9446
1647.9085
1648.5979000000002
1648.9026
1650.7067
1652.2572
1655.5956
1655.8654
1657.14635
1659.9076
1662.7344
1665.2249
1670.1547
1671.2226500000002
1672.323
1675.887
1676.1716
1676.7002
1682.02185
1682.6311
1684.08555
1685.496
1687.6586
1688.5948
1689.666
1691.2799
1693.0941
1696.16
1716.11
1725.12
1735.28
1738.45
1745.66
1747.725
1748.47
1756.75
1762.07
1766.861
1771.93
1775.207
