EDML-WDC_WDC
322.3481
325.0989
325.8954
335.5397
351.4176
359.7405
371.0378
384.6586
404.1973
406.208
415.4074
423.7566
430.0846
437.5946
445.6186
451.8658
455.938
456.5577
460.3191
486.0597
489.0467
495.0931
503.8417
507.5571
518.5227
523.9343
532.9179
541.5053
565.2854
572.2561
576.1049
583.9315
605.4517
619.4813
651.913
711.2281
719.9488
747.7587
765.3011
788.572
797.8484
799.8848
828.4527
841.5051
845.0972
850.8913
858.1846
864.3364
895.5699
898.1986
907.6152
918.4711
931.4362
978.5173
986.9006
994.9157
1004.0071
1007.7121
1014.5092
1017.1284
1022.2327
1036.5537
1057.4629
1063.5288
1098.9956
1118.5132
1137.6896
1143.8743
1169.4562
1191.398
1196.9724
1210.065
1232.8859
1234.857
1235.9896
1244.0983
1255.7721
1285.868
1294.5082
1307.8492
1317.9308
1341.8313
1342.3784
1346.7168
1348.8781
1367.891
1372.7462
1383.9262
1399.4085
1400.7592
1434.0137
1457.0466
1463.6526
1475.1267
1483.5099
1526.0295
1562.1616
1563.6192
1566.0098
1573.0308
1575.0714
1575.5708
1576.2958
1577.938
1579.6211
1581.5797
1582.5856
1587.2211
1588.247
1590.4866
1598.1232
1599.2198
1601.1053
1601.6471
1607.9102
1610.7217
1612.6922
1613.6427
1614.5582
1614.988
1619.2201
1620.4604
1623.7227
1624.0824
1624.6477
1628.4528
1629.417
1630.6155
1631.1627
1633.2475
1645.8652
1652.209
1653.0286
1657.2148
1658.0135
1668.0076
1670.0105
1672.1598
1674.9843
1679.9392
1680.9115
1688.2417
1689.9376
1690.5986
1702.9694
1704.7001
1706.1971
1706.8035
1710.2517
1717.751
1722.8407
1725.9917
1727.2925
1728.8812
1730.8822
1733.0336
1741.2788
1742.8274
1744.2477
1756.5574
1760.0166
1767.9225
1772.3711
1775.4161
1779.4521
1784.04
1790.2628
1792.1006
1794.1978
1799.2278
1801.8705
1802.6305
1806.9813
1808.9266
1812.3754
1824.5215
1833.0922
1835.6743
1836.3584
1836.3583
1836.724
1837.7312
1839.5004
1840.9168
1844.1126
1847.5985
1850.349
1856.3602
1857.6997
1860.6631
1864.7852
1865.7206
1867.7184
1871.5468
1873.2056
1876.3733
1876.9623
1877.3217
1878.8048
1879.496
1889.0162
1891.8495
1892.4719
1896.6216
1899.2825
1903.1504
1905.3362
1909.6083
1910.1606
1911.3032
1913.7766
1914.6816
1915.1132
1916.8041
1917.5417
1918.3001
1919.18
1924.6498
1926.0782
1932.8186
1937.7311
1938.516
1940.2434
1945.5876
1948.55
1960.2595
1963.9773
1964.635
1965.4949
1970.1402
1974.3625
1986.3717
1990.2103
1992.5037
1997.0915
1998.07
2001.9653
2003.5747
2004.8809
2012.5443
2019.0636
2019.7181
2029.7666
2030.9514
2036.2931
2037.3992
2052.356
2055.6196
2056.7922
2060.534
2061.336
2061.3262
2061.9915
2064.5576
2068.3609
2069.5652
2072.848
2075.5989
2076.0464
2076.6897
2079.8062
2082.965
2085.7107
2086.1328
2086.5302
2089.5806
2092.7309
2094.2808
2101.6035
2102.45875
2105.618
2111.2687
2114.602
2117.7593
2120.803
2124.2327
2127.4128
2131.8409
2133.669
2135.8154
2138.434
2143.6616
2145.3848
2153.357
2155.1047
2155.5995000000003
2157.661
2161.5023
2164.1524
2170.0275
2171.1807
2172.6523
2175.89835
2176.3103
2176.9744
2177.5696
2179.8403
2184.08
2193.7239
2196.379
2200.2559
2219.83
2231.09885
2232.8442
2234.7476
2240.1642
2243.0106
2245.1778
2251.0845
2253.4494999999997
2254.9102
2257.2895
2258.3615
2259.0776
2260.021
2260.254
2263.2116
2266.15885
2267.022
2267.3398
2267.61215
2270.0786
2271.8076
2276.092
2278.5054
2279.451
2282.8302999999996
2283.1672
2288.3792
2290.2183999999997
2291.3413
2293.464
2298.5872
2299.531
2308.7109
2314.87115
2316.3419
2317.1452
2321.6543
2334.6667
2336.5176
2341.5417500000003
2345.1475
2346.23965
2346.3958
2346.9712
2347.3403
2347.704
2349.0138
2350.4243
2355.5208
2355.781
2355.9841
2356.4324
2357.4473
2359.6328
2361.1372
2361.3752
2366.1013
2367.3593
2370.0195
2371.5366
2372.4807
2373.8777
2381.58075
2382.9568
2389.56895
2390.2168
2391.4907
2392.36
2392.9119
2395.8687
2400.8662
2402.2556
2401.72
2402.5654
2405.4705
2417.87
2424.095
2428.095
2430.265
2434.0
2435.6
2437.65
2441.83
2444.6845
2445.3074
2451.0299
2452.8733
2455.0771
2457.179
2457.6462
2462.0496
2462.3513
2463.15
2464.9097
2468.2512
2468.947
2469.2866
2478.16
2478.4167
2482.7442
2484.1403
2484.315
2497.1256
2501.9779
2503.4124
2504.247
2505.0215
2505.9617
2506.3695
2506.9797
2507.752
2509.5156
2511.1632499999996
2512.8987
2515.9378
2516.5046
2517.2799
2519.9083499999997
2521.4048
2524.7346
2525.3665
2525.9104
2526.9602
2527.3249
2528.2925
2530.1364
2532.9046
2538.3778
2540.122
2543.36165
2544.1138
2547.2249
2549.6587
2551.3696
2552.7168
2554.48035
2555.3735
2556.7974
2557.617
2561.6503
2563.3528
2564.664
2565.5398
2567.25
2570.4218
2571.4329
2572.0293
2572.7163
2574.07835
2575.23985
2576.6025
2577.6375
2581.92145
2585.33115
2586.4801
2589.563
2590.3086
2592.34235
2594.6275
2598.15215
2599.073
2599.9285
2600.4305
2601.0552
2602.9308
2604.207
2605.2375
2610.9928
2615.0903
2617.3197
2619.8171
2621.1481000000003
2625.5474
2626.0742
2628.0273
2631.20925
2631.8938
2633.6964
2634.3609
2634.64225
2635.1716
2637.2144
2642.3623500000003
2643.9915
2644.6938
2645.9966
2647.7942
2648.0615
2648.461
2649.767
2650.289
2650.9268
2651.73865
2652.55185
2652.7986
2653.0209
2653.251
2654.8774
2656.05185
2657.0923
2660.2387
2661.1619
2662.7795
2663.4614
2664.1797
2670.0877
2673.0388
2674.5227
2675.4348
2675.7898
2678.81
2679.8581000000004
2680.7185
2680.9911
2681.9176
2683.2092
2684.092
2684.6936
2685.748
2687.3808
2689.094
2689.774
2690.2966
2691.5606
2693.085
2693.5054
2694.1127
2698.5786
2700.183
2702.216
2707.858
2708.541
2710.4866
2713.1694
2714.5735
2716.5525
2717.8488
2719.4211
2720.651
2723.3096
2725.8628
2730.5278
2732.255
2733.0171
2733.4832
2734.0063
2734.3093
2737.0195
2738.569
2741.0847
2742.8576
2746.023
2747.067
2747.6503
2749.08
2752.5122
2756.513
2758.5366
2758.735
2762.8745
2765.9214
2768.1121
2773.094
2777.928
2778.4343
2778.933
2781.8406
2782.7368
2783.2996
2784.3617
2786.421
2788.641
2794.8716
2797.4146
2806.6198
2807.6963
2808.1392
2815.303
2822.2154
2829.0643
2832.0857
2834.761
2838.8613
2840.305
2846.032
2851.6898
2852.5913
2852.9595
2854.8079
2855.4053
2855.8562
2856.7573
2858.7341
2859.5867
2859.7969
2861.9312
2863.1511
2864.9124
2868.2041499999996
2872.3222
2872.7795
2873.8298
2874.6005
2877.4878
2878.2332
2879.697
2886.728
2890.7874
2891.53735
2891.883
2892.068
2893.1412
2893.3248
2894.9397
2896.042
2896.646
2897.485
2898.3306
2899.841
2903.9202
2904.179
2904.7468
2907.976
2909.8975
2910.0999
2910.6665
2915.1159
2916.2415
2916.556
2917.7263
2918.002
2919.203
2919.5977
2922.256
2922.8174
2923.0784
2923.395
2924.0942999999997
2925.3489
2925.8448
2928.3301
2928.787
2929.1868
2929.5618
2930.9307
2931.2826
2932.6396999999997
2932.9717
2937.2112
2938.7734
2939.564
2940.1165
2940.66
2943.0751
2945.5237
2951.0349
2952.577
2953.0467
2953.303
2955.924
2957.2205
2958.421
2959.4259
2960.2014499999996
2960.7028
2961.4043
2963.1978
2964.3244
2969.1336
2970.4985
2970.9243
2973.2434
2977.6580999999996
2977.9583
2978.1235
2978.456
2979.992
2981.3919
2987.273
2987.6902
2988.032
2988.2551
2991.123
2991.43
2993.0857
2994.23
2995.016
2995.976
3002.833
3005.4556
3006.3234
3006.7278
3007.481
3009.147
3009.6016
3010.4714
3012.4023
3012.8969
3015.958
3016.4476
3018.7415
3019.149
3020.2734
3020.7466
3022.2747
3023.084
3025.1914
3027.6354
3029.6646
3031.00625
3032.8901
3033.1642
3037.987
3043.6871499999997
3044.2792
3044.5054
3046.1423
3048.0664
3052.1052
3053.2681
3056.0647
3057.9567
3059.721
3059.9402
3060.1414
3061.1868
3061.7263
3063.484
3063.9617
3064.4302
3070.3838
3073.5173
3074.9092
3079.0734
3081.8902
3083.9109
3086.9128
3090.1128
3094.8337
3095.6716
3097.7305
3098.6011
3099.3813
3100.1612
3102.6848
3103.1787
3103.6165
3105.6584
3108.1769
3108.8247
3109.9209
3110.1094
3111.108
3112.634
3113.0876
3113.3804
3113.5774
3113.803
3114.5254
3115.1092
3115.3077000000003
3118.8233
3119.8723
3121.45865
3123.4033499999996
3123.8988
3125.3481
3126.252
3127.5076
3128.2463
3130.1154
3134.2031
3135.3354
3141.209
3142.0503
3142.5002
3143.9492
3144.9729
3146.5061
3149.4551
3151.2146
3151.989
3154.2486
3160.548
3160.9885
3162.9357
3164.6777
3165.0027
3165.25135
3165.9937
3167.7483
3168.311
3169.0387
3170.9813
3172.9536
3173.1703
3175.6008
3177.7659
3181.0637
3181.3413
3181.6716
3182.2197
3182.3958
3182.6536
3183.2786
3184.4237
3184.6257
3186.711
3188.2827
3188.8723
3192.0133
3194.73815
3195.8787
3196.1328
3196.843
3197.0002
3197.6846
3198.3523
3200.435
3201.6353
3201.9525
3204.0225
3212.6197
3214.2495
3216.5488
3217.5242
3218.066
3218.868
3219.4565
3219.6797
3221.3562
3222.7741
3224.5222
3224.9722
3225.1963
3227.12
3227.466
3227.7234
3228.3219
3229.0657
3229.2317
3230.815
3230.988
3231.4568
3231.9058
3233.1663
3239.2778
3240.9536
3243.1826
3244.0746
3247.4004
3249.6501
3250.1702
3250.5051
3251.933
3252.1406
3253.6558
3255.2764
3256.3232
3258.0427
3260.3317
3265.4775
3268.0896
3268.5818
3268.8374
3269.2544
3271.4005
3272.7434999999996
3272.9854
3273.582
3273.9863
3274.7653
3274.97
3275.7656
3278.3882
3279.007
3279.905
3280.6907
3281.1748
3283.2244
3283.6135
3283.789
3285.1
3285.565
3286.4192
3287.3245
3289.1758
3289.5317
3289.8675
3294.0281999999997
3297.16935
3297.9717
3299.1892500000004
3303.7718
3304.1358
3306.6166
3309.3003
3309.8457
3312.2441
3313.4175
3313.8193
3314.055
3314.9492
3315.481
3317.9582
3320.2063
3320.8982
3321.1814
3322.22
3325.995
3326.8448
3329.054
3331.5906
3332.95
3332.9346
3334.8748
3336.245
3337.9028
3338.45
3338.6108
3338.8672
3340.35
3341.1104
3342.2063
3342.8284
3343.0216
3344.2544
3344.4597
3345.342
3346.0552
3346.17
3347.822
3348.8666
3349.8002
3350.16215
3350.3175
3351.1868
3352.0346
3353.9548
3354.1138
3354.7599
3356.1936
3357.8671
3359.3404
3361.9032
3362.4812
3362.9591
3364.6467
3364.7708
3364.9985
3367.32
3367.5686
3368.21415
3368.74
3369.577
3369.8782
3370.2412
3370.7234
3371.357
3372.26
3378.275
3380.67
3384.21
3385.29
3388.25
3389.15
3389.45
3392.42
3394.59
3397.1
3399.99
3401.54
